3.578230502647939959e-01 6.837126229238559283e-01 -1.177674160832769434e+00 8.201401599315906177e-01
3.440485862925755089e-01 7.123873810424912190e-01 -1.297362632136300986e+00 7.197714735432949595e-01
2.262509796947670127e-01 6.280060616731036882e-01 -9.064604661106852035e-01 8.477721790145670289e-01
3.488852761839352778e-01 7.660304778114704893e-01 -7.213514979305561958e-01 6.615978977272994888e-01
3.696461088661863181e-01 7.525371588428152458e-01 -7.910066415097766201e-01 6.847750068675791946e-01
3.616452501227724881e-01 6.429741787141171061e-01 -7.270009362236314887e-01 8.749167613776078767e-01
3.674773677418952111e-01 6.127141324595914984e-01 -7.466535559140778933e-01 8.466676776616798294e-01
2.252558234189321884e-01 6.438835618209267642e-01 -1.140420068341142512e+00 8.808180973724670793e-01
2.946469371195799547e-01 7.448322172603183411e-01 -1.106688200032147185e+00 8.866397520617139705e-01
2.434679515992484999e-01 7.215546609782995668e-01 -1.282322367919862316e+00 6.450068604425270857e-01
2.552102462977137720e-01 7.315493027014061678e-01 -8.497787967274824661e-01 6.186814446860245953e-01
2.456874113463128895e-01 7.486488927589429743e-01 -6.662816276107201841e-01 8.602576245053621395e-01
3.217672981868678339e-01 7.395895983782736494e-01 -8.391965857127323680e-01 6.293112831125277085e-01
2.122101444960343142e-01 6.342768699575401792e-01 -1.080168200965362590e+00 6.336426655154639986e-01
2.752543854532232825e-01 6.268422355691928294e-01 -1.359383688799256307e+00 8.352441519369271372e-01
3.083002171680559456e-01 6.386490716112265265e-01 -1.116243739729756435e+00 7.476359934471715762e-01
2.959582322196510074e-01 6.603250673350166133e-01 -9.387879619107724061e-01 7.344949098814006483e-01
3.101024263638373912e-01 6.143228484905600695e-01 -8.038651603224542530e-01 6.419989384674773536e-01
3.814060414719342984e-01 7.556386495950017101e-01 -1.363529427574372566e+00 6.626236374927213513e-01
3.559181957737970192e-01 6.183229450916493120e-01 -8.622649996042518472e-01 6.707467296222250352e-01
2.372295740190244195e-01 7.112447224603720697e-01 -1.261978813078254769e+00 6.672293852141724102e-01
2.474650682585721184e-01 6.999604508873191744e-01 -9.993833161202995141e-01 8.279301756229580089e-01
2.420802364982381771e-01 7.927621324313944839e-01 -9.931697922611586460e-01 8.261428258409925229e-01
2.409129960382219438e-01 6.214483766013626509e-01 -1.221340959699711126e+00 6.962828419451941864e-01
2.173684687816744010e-01 6.660228447173349720e-01 -9.213013721877099105e-01 8.697751354369822607e-01
3.916477271563071350e-01 7.390832330976756515e-01 -8.986264945310169505e-01 7.979276799152678068e-01
2.726425431954389023e-01 7.078673027906777770e-01 -1.168397090939825578e+00 8.707182176583350142e-01
3.474098623020477894e-01 7.919179584577823450e-01 -1.189878065643515948e+00 8.063797762018790616e-01
3.194941665229670269e-01 6.856843745019370884e-01 -6.963058146826206496e-01 8.420901948283694427e-01
2.997539297818545556e-01 7.827386214052910463e-01 -1.303604303215067262e+00 7.116267135382788878e-01
2.298289179227288037e-01 7.721945296637608980e-01 -1.329843488849492106e+00 7.677809872789527201e-01
2.587006928161613706e-01 7.223876948439702517e-01 -6.801468876647517314e-01 6.878859001436652409e-01
2.337854138612905919e-01 7.425744404686186462e-01 -6.528158607061866903e-01 7.231724129655636712e-01
2.496894005559309737e-01 7.008246736181532599e-01 -7.387586088386172145e-01 7.387192039318002390e-01
3.347602906489589580e-01 7.862886237844872728e-01 -6.925476687991375391e-01 6.731980523478768852e-01
2.513373042704375449e-01 6.568869548495305244e-01 -1.250369582211900310e+00 8.144044379598361916e-01
2.683391756329900346e-01 6.776397577051639365e-01 -7.688762992808969576e-01 8.871961767575937685e-01
2.616965160839301308e-01 6.611337089450762816e-01 -7.529014225646909475e-01 6.561967464613623902e-01
2.647175921601361837e-01 6.743158220113490975e-01 -1.219823843501473881e+00 8.500716518250763798e-01
3.307237317432918378e-01 6.492335508567295133e-01 -8.871572048173160807e-01 8.311018416629692984e-01
3.746588217320814262e-01 6.542070684907530520e-01 -1.347016026385148058e+00 7.480042782445801564e-01
3.447767870362632436e-01 7.277044317993257572e-01 -7.116110869354859148e-01 6.483744191246137989e-01
3.892860052421799333e-01 7.549355116453897452e-01 -1.006430497150105241e+00 7.646288081995209485e-01
3.358109237527107660e-01 6.921614253603878275e-01 -1.081123394484675870e+00 7.593514206511299269e-01
3.169673685495766335e-01 6.410330703393274376e-01 -1.271558558645659032e+00 7.027463086568493944e-01
2.079517069901593851e-01 7.815182256812409634e-01 -1.150547484355885386e+00 6.168355262239639814e-01
2.138459165213956736e-01 7.679411743977641036e-01 -1.239044581508381038e+00 8.159988632068968517e-01
3.331591705972559159e-01 7.369452632729913688e-01 -7.738381187428721164e-01 7.142764224150390806e-01
3.067740233372194814e-01 6.520852224922383256e-01 -1.371193109202370364e+00 8.401075432342296478e-01
2.157374905721780312e-01 6.058147098468371627e-01 -1.234890210025805901e+00 8.649848380427983541e-01
3.244255533008797432e-01 6.074729901629811746e-01 -1.337088708982133944e+00 7.070379469611240975e-01
3.736876438801709499e-01 7.142825198971942680e-01 -1.018162008341567448e+00 7.769662896472306901e-01
2.781055982004295712e-01 6.974544548507402020e-01 -1.093304183615053882e+00 8.634065008576593536e-01
2.862590703572917561e-01 6.473205025246229205e-01 -8.770106836489279800e-01 6.931441677043628236e-01
2.211011867618943028e-01 7.032058006390263794e-01 -9.435186536340725016e-01 7.843636394314675853e-01
3.410592659155294859e-01 6.636454372852161887e-01 -1.383825737101215259e+00 7.731037702677996393e-01
3.878540538150451189e-01 7.740620745224199295e-01 -1.020233468609637706e+00 7.878661836431889443e-01
3.227182403461903437e-01 7.048235078998943415e-01 -1.067743597584660531e+00 6.990958633245252241e-01
3.787759896558497985e-01 6.021616894573835754e-01 -1.316554377636041107e+00 8.015975056604236482e-01
3.552043267283168104e-01 7.794472987181547685e-01 -7.998898895454177316e-01 6.754261057096260235e-01
3.155014339013212377e-01 6.226505799792472207e-01 -1.288714938477656613e+00 6.346533049645333158e-01
2.905901717453164279e-01 7.688177274046831267e-01 -1.133086052407840771e+00 6.586983453956010148e-01
3.400553352646354388e-01 7.172258065671803795e-01 -1.189341537319576148e+00 6.094080010905698064e-01
2.778323771650175744e-01 7.583378201195868362e-01 -1.121230685558025408e+00 7.515981203684016787e-01
3.845843253507919002e-01 7.782441619708022618e-01 -1.199928025516719066e+00 6.514577579795348683e-01
3.028289383307015692e-01 6.172478252656525832e-01 -6.290456636409088587e-01 7.647414418095298538e-01
2.876212334486293321e-01 7.098025715051244910e-01 -6.592651421513336940e-01 7.801660459115903334e-01
2.819422555838819733e-01 7.505234084131241490e-01 -1.054477615176591998e+00 8.762833362829699491e-01
2.722172191629211313e-01 6.722145489564613774e-01 -7.632651301043283931e-01 7.277799463863638962e-01
3.052907898897964101e-01 6.098432100641664189e-01 -8.114604577104703731e-01 7.551247692504621245e-01
3.139661923523795473e-01 7.889574596290200859e-01 -9.834070727890393826e-01 8.106074872331998638e-01
3.605083241340917288e-01 7.337193726224031654e-01 -9.271644746448779451e-01 6.393774688873966605e-01
3.278012524627119673e-01 7.961050724445269955e-01 -6.775895368828023235e-01 7.312606741723508552e-01
2.663840990792811225e-01 6.300635043426254800e-01 -1.166137165434763201e+00 8.017330760938217171e-01
2.843376309726168283e-01 6.759144358043670531e-01 -9.540433056630048814e-01 6.457516044848472525e-01
2.604618663948624069e-01 7.623974738117489380e-01 -1.154786973238925096e+00 8.581945790569013299e-01
3.126254390123062721e-01 7.968201411606532503e-01 -8.709115169292765968e-01 7.005665526542693700e-01
3.508579716476941113e-01 7.600050592423643891e-01 -1.253881127192167488e+00 8.232448259598486029e-01
3.521762318436345018e-01 6.933848408229553728e-01 -9.745376489976572687e-01 7.435588951704256155e-01
3.650164749453925217e-01 6.357782300150358612e-01 -1.328077736194647418e+00 8.096526542546266247e-01
2.699390842483730957e-01 6.901160357559410485e-01 -9.610209908167063331e-01 7.959288561604039858e-01
3.385674080784703555e-01 7.180167108915100904e-01 -1.381631330139568847e+00 6.895513444234752098e-01
3.709272613467563540e-01 6.800802453447760687e-01 -6.401343699995689640e-01 6.136499335369347552e-01
2.226230936643781855e-01 7.757431175679664337e-01 -7.863564158861752196e-01 6.251189940990427019e-01
2.923617691517265138e-01 7.454459348712283440e-01 -1.038313058726691329e+00 7.870847539226041301e-01
2.527033100500259422e-01 7.267673579087656766e-01 -1.312174141016735796e+00 8.821343927353841874e-01
2.566141587169548655e-01 7.879013626567610284e-01 -8.440146822741693144e-01 7.914918034687670190e-01
2.199886778929519282e-01 6.455600793597630060e-01 -1.210257741281308697e+00 8.906894082367176058e-01
3.856572424761710027e-01 6.959700978990062126e-01 -8.205506789218104391e-01 7.257788051925302408e-01
2.813615071391024625e-01 7.630468947447259787e-01 -1.059542825804577149e+00 7.752062780174279188e-01
2.112517049958563820e-01 6.078753603131286098e-01 -1.027907260898770492e+00 6.806337479491380016e-01
3.020739441141468418e-01 6.321883235051574124e-01 -6.383362990867670339e-01 7.391873052240232056e-01
2.335436433278137991e-01 6.870178435625411417e-01 -9.678607379174095637e-01 6.784223742886205111e-01
3.777768880379595018e-01 6.819610702398753999e-01 -8.304708819694833766e-01 8.364219583002425740e-01
2.305021652982598146e-01 6.697414049974589334e-01 -6.204818801096806391e-01 7.188311146342675206e-01
2.971902780005025169e-01 6.675026977081184310e-01 -7.043724282346428556e-01 7.571253769459010963e-01
2.386615854941943338e-01 6.239246549888308735e-01 -9.117632684741823201e-01 8.534567066043325934e-01
3.664868213539954622e-01 7.306638191014156458e-01 -8.886916725353093405e-01 7.098138978556269851e-01
3.825819539992801888e-01 6.556309256272396802e-01 -1.048923184820476751e+00 6.281129139579754161e-01
3.284249606414544331e-01 7.244833118042709463e-01 -1.102965256540926253e+00 6.204743756773996033e-01
