8.899641224696953554e-03	9.963951865548924616e+03
1.507912216506557788e-02	1.544448561595487445e+04
2.144790186456836667e-02	1.433616963740335814e+04
2.783660776489276650e-02	1.081350689360051365e+04
3.435099785803411021e-02	9.128720542925611880e+03
4.047886761425745911e-02	9.455089200585076469e+03
4.676716683575679601e-02	7.675647382415443644e+03
5.308225101765951665e-02	6.831018355978660111e+03
5.945362440940590160e-02	6.186729041384929587e+03
6.576224814588792211e-02	6.352962476148240967e+03
7.196632906698736953e-02	5.801856229740823437e+03
7.827860915688347743e-02	4.891463293436141612e+03
8.470398945834539672e-02	4.268044994961755037e+03
9.096854620527369817e-02	4.208254019038960905e+03
9.720789776830213169e-02	3.604570612697815250e+03
1.034763038959366499e-01	3.069711400989179765e+03
1.097576444254559219e-01	3.007298763149573006e+03
1.160543084780093354e-01	2.961800012946367133e+03
1.223669666537485351e-01	2.656774719608870782e+03
1.286817263090294094e-01	2.476545753826874716e+03
1.349500801664080818e-01	2.325066715583645873e+03
1.411949558842147678e-01	2.259178959352789661e+03
1.475133575747468451e-01	2.062180395695714651e+03
1.537865074252268427e-01	1.941178449566672498e+03
1.600657544051110326e-01	1.787585708743573150e+03
1.663991168687080635e-01	1.680230996506908241e+03
1.727195645776442856e-01	1.620931781159353932e+03
1.789765213377084718e-01	1.532193209883965665e+03
1.852353690647852158e-01	1.493521052237079630e+03
1.914806787341157279e-01	1.400393035229669749e+03
1.977889868651535599e-01	1.337770666696669878e+03
2.040937735447724277e-01	1.308134756390145412e+03
2.103939302609846018e-01	1.245951935516112144e+03
2.166909709822301688e-01	1.161721726502945558e+03
2.229700281216152047e-01	1.115484988700085296e+03
2.292620027086341994e-01	1.071717698683015669e+03
2.355141508366812297e-01	1.022286000218726940e+03
2.417910583817859116e-01	9.796589813359174741e+02
2.480856539439619257e-01	9.542270066161747764e+02
2.543492256872954549e-01	9.366307397899565785e+02
2.606334251884805386e-01	9.065893553060589056e+02
2.669257370896960802e-01	8.899120665354679431e+02
2.732423343141155980e-01	8.565080547937775464e+02
2.795529680084415936e-01	8.083730751164191588e+02
2.858366292314493129e-01	7.972659685308766484e+02
2.920876271394311496e-01	7.682884051873078306e+02
2.983449844439822751e-01	7.395706971260370892e+02
3.046382639407197446e-01	7.235733125387101836e+02
3.109279127003197196e-01	7.029828190643335120e+02
3.172168171618398036e-01	6.746585489527629989e+02
3.235187567944423082e-01	6.623818280673175423e+02
3.298168217550395687e-01	6.529115424173403426e+02
3.361176429457156667e-01	6.336338616894955749e+02
3.423700375709273769e-01	6.176658890058985207e+02
3.486478192666269682e-01	6.007226292443399416e+02
3.549411614411318028e-01	5.946721973692889378e+02
3.611916935421040642e-01	5.681341233953162373e+02
3.674767089563572564e-01	5.536782309706024989e+02
3.737647795277591056e-01	5.467408522732846450e+02
3.800654031475132477e-01	5.332239481946318165e+02
3.863539861259823738e-01	5.230453437433642421e+02
3.926140181364449755e-01	5.178711221791071466e+02
3.989264500321934581e-01	5.018151275157085252e+02
4.052073244576828714e-01	4.903542693940921708e+02
4.114916477570477182e-01	4.769005039893837647e+02
4.177814272116491257e-01	4.749047960275805735e+02
4.240400648725131116e-01	4.613261496649259925e+02
4.303425690270192283e-01	4.545917112567326512e+02
4.366358560255625965e-01	4.474023478228185695e+02
4.428996183220763605e-01	4.402787012441396541e+02
4.491634418529859563e-01	4.316355253844894264e+02
4.554414146254732731e-01	4.230315742270235546e+02
4.617634470301058558e-01	4.227218898005294250e+02
4.680644242023710433e-01	4.132835524629873021e+02
4.743485242764365895e-01	4.032908826253292887e+02
4.806356136815400082e-01	3.937240837700562679e+02
4.869019258388697646e-01	3.910186164735257535e+02
4.931697099599955947e-01	3.826798888845600004e+02
4.994506747144535908e-01	3.780347434323511493e+02
5.057159051335421429e-01	3.718602774206209460e+02
5.119923996268095356e-01	3.619564603306787944e+02
5.183126097768406826e-01	3.610017653729380527e+02
5.246089638029100000e-01	3.553528521567499183e+02
5.308757308483337267e-01	3.531589784476024079e+02
5.371573527946726934e-01	3.426081233911373829e+02
5.434579563783791256e-01	3.407218753598072567e+02
5.497430652392217842e-01	3.370949029132066812e+02
5.559937427501778773e-01	3.341228896888462145e+02
5.622854676609657654e-01	3.280053229987670989e+02
5.686011537227265711e-01	3.225751534414044954e+02
5.748804589422079614e-01	3.204611697283466469e+02
5.811550210340560296e-01	3.143204867041611124e+02
5.874394496660968468e-01	3.130159545656115370e+02
5.937176220296899176e-01	3.112363211563034611e+02
5.999971954793682505e-01	3.051046937172844764e+02
6.062679115124277596e-01	3.003965122809266859e+02
6.125469576444534381e-01	2.976500511629722041e+02
6.188477733041515272e-01	2.911862649672737007e+02
6.251310567437898813e-01	2.874661794220899651e+02
6.314027450383210560e-01	2.878390820385945972e+02
6.377003562732055375e-01	2.820915776220588214e+02
6.439857783314556494e-01	2.800556586018348071e+02
6.502685417166111925e-01	2.762585609820699801e+02
6.565586117699038216e-01	2.733939159221149566e+02
6.628369282359254377e-01	2.703508952787439057e+02
6.691185444962194362e-01	2.676975812723764534e+02
6.754070198575605755e-01	2.656352366404647682e+02
6.816835514593204692e-01	2.636433900870072762e+02
6.879592533861698112e-01	2.599194333775413952e+02
6.942344317039531587e-01	2.555768972738948719e+02
7.005175402434737908e-01	2.544705516474328135e+02
7.068124956608716758e-01	2.520806970551053325e+02
7.131019009674921527e-01	2.482679521483716485e+02
7.193918251171427247e-01	2.480316129259081208e+02
7.256833807598113140e-01	2.446100300296327816e+02
7.319652682709349989e-01	2.427482446983426314e+02
7.382507990484923344e-01	2.405232205212929557e+02
7.445265842115937893e-01	2.380048372735622308e+02
7.507871101942712455e-01	2.360897886040541493e+02
7.570758465316046459e-01	2.320802066582118357e+02
7.633641233600957365e-01	2.316956514707443660e+02
7.696462959862266917e-01	2.299783966422270680e+02
7.759394865175414102e-01	2.279033820858315380e+02
7.822329141989586843e-01	2.258979146050612314e+02
7.885314936520240181e-01	2.240314723351364137e+02
7.947896566979522071e-01	2.204426910551538299e+02
8.010491096592354809e-01	2.195865805404398259e+02
8.073364061727361651e-01	2.189027779582821154e+02
8.136229488373866170e-01	2.158712902197605388e+02
8.199152998961036776e-01	2.138057222869994121e+02
8.261952636392789762e-01	2.125751957357697961e+02
8.324897070080405914e-01	2.098830669730346301e+02
8.387959309210778480e-01	2.101091045627791232e+02
8.450634639703045181e-01	2.070712357042741871e+02
8.513282867562648182e-01	2.047559790644699547e+02
8.576198263902009566e-01	2.037832882371666017e+02
8.639058477062415697e-01	2.022080126749990825e+02
8.701838745487597837e-01	2.003953089587564023e+02
8.764641096075268534e-01	1.996347334573057140e+02
8.827503873399735745e-01	1.977215249124424759e+02
8.890332768393869323e-01	1.965378619012263073e+02
8.953084247113127780e-01	1.944974908369785567e+02
9.015956521667095602e-01	1.929146457257408542e+02
9.078833328094829680e-01	1.912441536504531427e+02
9.141744106319863450e-01	1.901222664138020946e+02
9.204630817717615043e-01	1.893187833655661620e+02
9.267434415264711456e-01	1.876210939196536742e+02
9.330324197354928906e-01	1.862808985533330315e+02
9.393265785573878812e-01	1.849421208311376006e+02
9.455974810398196650e-01	1.830238663400445489e+02
9.518660018545171964e-01	1.822319460065884584e+02
9.581413255531838757e-01	1.826756758534399125e+02
9.644350945109106954e-01	1.794207541024763088e+02
9.707355633568249820e-01	1.781102347224264122e+02
9.770080768450029041e-01	1.771208885163738387e+02
9.832823325363413414e-01	1.763316055709512966e+02
9.895569691966674686e-01	1.749099097157206302e+02
9.958456301921106979e-01	1.740267319004435933e+02
1.002136210743837408e+00	1.725157632756282169e+02
1.008404825335135424e+00	1.711446839146149728e+02
1.014694149836243398e+00	1.698198381698177286e+02
1.020992555437297167e+00	1.688954388399144477e+02
1.027273980437394485e+00	1.677533053290276541e+02
1.033559181896017254e+00	1.669772815550383598e+02
1.039847557392594934e+00	1.657314896667723758e+02
1.046126974943305088e+00	1.646741222959408049e+02
1.052403436811028659e+00	1.641866528634550946e+02
1.058680704651608684e+00	1.626146376224965309e+02
1.064964333065789193e+00	1.608289672827951904e+02
1.071256777440835473e+00	1.604043577959355957e+02
1.077544048801078125e+00	1.594601751593417873e+02
1.083824820188043603e+00	1.583855926489928265e+02
1.090108023942816695e+00	1.575867025016103753e+02
1.096389665956643222e+00	1.573533079166421942e+02
1.102681132058841440e+00	1.554827249684196033e+02
1.108963047594879958e+00	1.542907462792328204e+02
1.115225428463759272e+00	1.542852532754382082e+02
1.121502127614767863e+00	1.527257285041398518e+02
1.127792573824792033e+00	1.512600581141652469e+02
1.134089552668382961e+00	1.505223283055682089e+02
1.140364049650405942e+00	1.506030144177317709e+02
1.146639180320979445e+00	1.497468655761802552e+02
1.152942412991649901e+00	1.482045997336981600e+02
1.159228906751078814e+00	1.476933309014855240e+02
1.165508721887268173e+00	1.460770514148101711e+02
1.171793076256210320e+00	1.454731633584645749e+02
1.178087436369658958e+00	1.446636483651149092e+02
1.184367654251526902e+00	1.446424623455049812e+02
1.190634642299266632e+00	1.433610726098983719e+02
1.196912208834400859e+00	1.424984769994121052e+02
1.203201577354146234e+00	1.416195962672823612e+02
1.209486844441705733e+00	1.404206682720137280e+02
1.215763902074809888e+00	1.406769298366376688e+02
1.222049755171146668e+00	1.391317157164131686e+02
1.228340616621486969e+00	1.390544352065819567e+02
1.234632986576932767e+00	1.381541737568070403e+02
1.240902247176856488e+00	1.370811519815328552e+02
1.247174839144687519e+00	1.367138833664232038e+02
1.253465459933442272e+00	1.354657600013717342e+02
1.259749951892178421e+00	1.348514127735891748e+02
1.266032143127253873e+00	1.347373875990902263e+02
1.272316288472006507e+00	1.334559351662443873e+02
1.278604155058621350e+00	1.330894296208240632e+02
1.284886588933593865e+00	1.323619673566439587e+02
1.291175420066583257e+00	1.316561560116231249e+02
1.297465726373772332e+00	1.309795263294262213e+02
1.303741827011944299e+00	1.300458243389684867e+02
1.310017322922761851e+00	1.297724876964230418e+02
1.316301447662886703e+00	1.280578165193018663e+02
1.322586760363303249e+00	1.278756913207777473e+02
1.328865492452874664e+00	1.279362145836243059e+02
1.335144804954555564e+00	1.270820333911897677e+02
1.341440516272275119e+00	1.264100373946664035e+02
1.347730868417094552e+00	1.255359675907233736e+02
1.354001589994877630e+00	1.250745981528751258e+02
1.360282609297778444e+00	1.245472629617652842e+02
1.366565686457597906e+00	1.235316307598383787e+02
1.372851498482432708e+00	1.226675477889514951e+02
1.379135372929401804e+00	1.226089877790776796e+02
1.385409567149057164e+00	1.212937105488034604e+02
1.391698641219299315e+00	1.213130826974709322e+02
1.397984451439470810e+00	1.202497003121415133e+02
1.404267883409181961e+00	1.202692014095660369e+02
1.410554779484869181e+00	1.196998432951651807e+02
1.416837833547465397e+00	1.188576883906887787e+02
1.423118177187137068e+00	1.183057267418667635e+02
1.429397801164240089e+00	1.177212722274943104e+02
1.435686921822787232e+00	1.176672434444586059e+02
1.441977121769299597e+00	1.166930784948979749e+02
1.448253667853332427e+00	1.160976034934713539e+02
1.454532348972172651e+00	1.157201763288674528e+02
1.460819319151879903e+00	1.148507122255309980e+02
1.467110364402026468e+00	1.142786163895274143e+02
1.473392908948962132e+00	1.141086210743610962e+02
1.479669965243598950e+00	1.131655993169742516e+02
1.485956144602843532e+00	1.129348518438761175e+02
1.492233610763115115e+00	1.123198716344543726e+02
1.498502470379980078e+00	1.117594006223293377e+02
1.504785752051182701e+00	1.112593801347957765e+02
1.511075991894575976e+00	1.105001217689165571e+02
1.517361634985162189e+00	1.103204603479483126e+02
1.523648570969130533e+00	1.097639096556319771e+02
1.529938035715892264e+00	1.094555202481979848e+02
1.536230176913891965e+00	1.089915996377020520e+02
1.542510718779388279e+00	1.084236745324637070e+02
1.548783963082980275e+00	1.077689538300131886e+02
1.555073069779651318e+00	1.072338581336517649e+02
1.561357324927233892e+00	1.067588562469365030e+02
1.567629121053141006e+00	1.062708174566091373e+02
1.573913697404382583e+00	1.058837804231273338e+02
1.580203545230874029e+00	1.058030327246726898e+02
1.586485393434537983e+00	1.049880632623839318e+02
1.592760014263005841e+00	1.043465563897045598e+02
1.599046436394670812e+00	1.039452670242146013e+02
1.605342136637478934e+00	1.035726034936957518e+02
1.611619860919608627e+00	1.029946824976941429e+02
1.617897597081673799e+00	1.025873000013442180e+02
1.624183235481122756e+00	1.020121960294690098e+02
1.630464598531913722e+00	1.020794424427903095e+02
1.636748985747638274e+00	1.012420288066119127e+02
1.643030923698886259e+00	1.008129933331454708e+02
1.649309176648513064e+00	1.003308205274436915e+02
1.655593633940351861e+00	1.000484217686085060e+02
1.661879571405086464e+00	9.951730164183041438e+01
1.668169361685170271e+00	9.902646507941331322e+01
1.674450151530487485e+00	9.887116828772734323e+01
1.680722718978495900e+00	9.805410823446599977e+01
1.687013891340952476e+00	9.786115022599857127e+01
1.693308984907921033e+00	9.737040321735504733e+01
1.699582147428448486e+00	9.712235390371500898e+01
1.705863747055134105e+00	9.667712001333320870e+01
1.712154434283889470e+00	9.653901084489793050e+01
1.718438381579399321e+00	9.588441597722382426e+01
1.724721264464063930e+00	9.558883015769045244e+01
1.730997441276920679e+00	9.510653166536550884e+01
1.737287073528269499e+00	9.449965113843276754e+01
1.743567991878527401e+00	9.454572075796401975e+01
1.749840680212231048e+00	9.386735559474645640e+01
1.756128549091961144e+00	9.351793554596804370e+01
1.762413535324792502e+00	9.321853704406893826e+01
1.768696187669963837e+00	9.262318974055403942e+01
1.774979359379055266e+00	9.265430770301109931e+01
1.781265555576432957e+00	9.214012316272014402e+01
1.787549427830244619e+00	9.184694212677291603e+01
1.793834120011633004e+00	9.144758993374760792e+01
1.800115051552487300e+00	9.089364027161695958e+01
1.806393904854530330e+00	9.063724919121973755e+01
1.812674089667083432e+00	9.014960946419462573e+01
1.818956920109354058e+00	8.971980993482895883e+01
1.825244164118212220e+00	8.947372446416777336e+01
1.831527256642196955e+00	8.933155391892820774e+01
1.837811294935716599e+00	8.879959178618403826e+01
1.844100717411196744e+00	8.824297315723613622e+01
1.850384816792487230e+00	8.779569169001509010e+01
1.856666059735203822e+00	8.779983043893768979e+01
1.862947728675613979e+00	8.743793823025055190e+01
1.869229324466858078e+00	8.692820606873766565e+01
1.875517616802973686e+00	8.637507298740244721e+01
1.881800769033795229e+00	8.622593988712010571e+01
1.888078863416442710e+00	8.595930471729317901e+01
1.894353975182237582e+00	8.554798237736727629e+01
1.900642716154182565e+00	8.527953383239858454e+01
1.906933494748685121e+00	8.494208263265657877e+01
1.913207568676573933e+00	8.451961199707363903e+01
1.919490884732178992e+00	8.436791580685778058e+01
1.925776855684274480e+00	8.401606684457497920e+01
1.932064452961978152e+00	8.347200295737577846e+01
1.938342610030488800e+00	8.307243297510078150e+01
1.944618341543410178e+00	8.298777456294770616e+01
1.950906260203513876e+00	8.258850444423116244e+01
1.957194556613796488e+00	8.228233822650631168e+01
1.963479614559011432e+00	8.204650868683827980e+01
1.969760361532916226e+00	8.167679573623840383e+01
1.976048367034604736e+00	8.129817674810846029e+01
1.982337990217652335e+00	8.096240264470874592e+01
1.988617489259562721e+00	8.063850480245778840e+01
1.994896320665194178e+00	8.038802238803715738e+01
2.001179596222827151e+00	7.988650608036432743e+01
2.007459756923499761e+00	7.965901312010936408e+01
2.013737397779169935e+00	7.938611283946818276e+01
2.020017234677497164e+00	7.901845624089510522e+01
2.026310251015072783e+00	7.876098821382555570e+01
2.032600542948020284e+00	7.848651612453706150e+01
2.038873863192099289e+00	7.817671411798646375e+01
2.045154087821675404e+00	7.788232449710437777e+01
2.051444704514288730e+00	7.777080316913040292e+01
2.057730430280644729e+00	7.746052699211477943e+01
2.064013940455224461e+00	7.700950165321621910e+01
2.070299891179459895e+00	7.657640521290363722e+01
2.076589719964883951e+00	7.627686559867605354e+01
2.082865483794470673e+00	7.609102303781884302e+01
2.089134494859368640e+00	7.579756312600693491e+01
2.095424211360070288e+00	7.553148269251539659e+01
2.101707116664804254e+00	7.540886802069340433e+01
2.107986473933564309e+00	7.492402668471414984e+01
2.114271806543862375e+00	7.469984604769916814e+01
2.120552717288892275e+00	7.427298731343056204e+01
2.126836933207161717e+00	7.398512876337005650e+01
2.133122044791171845e+00	7.392445286112477731e+01
2.139411711910842673e+00	7.333650950352190989e+01
2.145697076775292089e+00	7.333946681488100694e+01
2.151973548606471276e+00	7.315347306617132972e+01
2.158259913555724108e+00	7.271736541984147095e+01
2.164545396699105506e+00	7.258426583510501473e+01
2.170830700377734068e+00	7.208185174964349073e+01
2.177114138849150393e+00	7.181680811736832482e+01
2.183387647576827018e+00	7.164900097698392756e+01
2.189670273687676971e+00	7.126602157365734058e+01
2.195960147934207463e+00	7.116913453553655700e+01
2.202242556317716371e+00	7.094148696574858093e+01
2.208521655981037668e+00	7.048709897954000780e+01
2.214804637081333016e+00	7.037464630899668805e+01
2.221092583349425276e+00	6.994620581626612932e+01
2.227372893591468728e+00	6.993153661799000531e+01
2.233657161144248171e+00	6.959341039472255375e+01
2.239943485394438660e+00	6.937679141598958665e+01
2.246224175264620815e+00	6.908483343323308645e+01
2.252506378421252009e+00	6.880601660027718935e+01
2.258783417054270437e+00	6.855317003717834723e+01
2.265069077371457684e+00	6.835637240030315809e+01
2.271350377044131452e+00	6.812174855370622595e+01
2.277633995145353918e+00	6.782329206837633251e+01
2.283922419579920149e+00	6.758503117601811994e+01
2.290202874392252674e+00	6.727943651364510913e+01
2.296490779970905560e+00	6.700841951355026538e+01
2.302771769934229162e+00	6.680223990943834167e+01
2.309051364164305564e+00	6.648261191707629791e+01
2.315338502539088239e+00	6.629380224806264721e+01
2.321627336503874428e+00	6.615326201964272457e+01
2.327911878297218795e+00	6.578771598706431689e+01
2.334186238580297168e+00	6.562471534126414952e+01
2.340467971862688401e+00	6.542959586023158636e+01
2.346756940970738725e+00	6.525332123502555248e+01
2.353044444556199988e+00	6.482323760372666754e+01
2.359327653314069906e+00	6.475882909484757022e+01
2.365603048789861607e+00	6.443317805349710170e+01
2.371885911737665165e+00	6.416164960681378204e+01
2.378173303594019572e+00	6.401130283269246490e+01
2.384454016539381271e+00	6.376948992601618471e+01
2.390736447344785187e+00	6.352385195787326921e+01
2.397014133897952259e+00	6.332918443169484135e+01
2.403295490074321972e+00	6.312476468419423270e+01
2.409585049672506862e+00	6.294290717101824839e+01
2.415871703165322071e+00	6.251687969172671444e+01
2.422160652369088840e+00	6.256071628867864121e+01
2.428440167222748691e+00	6.214018790278334592e+01
2.434717472383889803e+00	6.215767139041319922e+01
2.441002456202044257e+00	6.168218962317136800e+01
2.447289980304530488e+00	6.152725753138622622e+01
2.453571844729242279e+00	6.140238873301706235e+01
2.459852705114058846e+00	6.101880597205015988e+01
2.466139233225018934e+00	6.086712517698521907e+01
2.472421963421291391e+00	6.067672868475264636e+01
2.478698519174224568e+00	6.035929424232486440e+01
2.484980841400355800e+00	6.025037029127165766e+01
2.491269319409339822e+00	5.996688596138176308e+01
2.497548505139029373e+00	5.994452466881585906e+01
2.503831667172610853e+00	5.963362579301459476e+01
2.510117938323931153e+00	5.941935873626628961e+01
2.516400733681277480e+00	5.919790578821489646e+01
2.522688226833368130e+00	5.885373333506822746e+01
2.528971695852665569e+00	5.880132020809585214e+01
2.535252039407670299e+00	5.873892256964178671e+01
2.541537514142774512e+00	5.849365369811779658e+01
2.547823008847572179e+00	5.825473049842601370e+01
2.554100666580690238e+00	5.799533318584870045e+01
2.560376788884177301e+00	5.773644178000068194e+01
2.566667521601497359e+00	5.760732091615405892e+01
2.572955062237090473e+00	5.739486042356769957e+01
2.579233771797999175e+00	5.719091550445539696e+01
2.585520164300948220e+00	5.697529955283134484e+01
2.591805130332431872e+00	5.687126514868597837e+01
2.598084074692260881e+00	5.657491557186685327e+01
2.604360404197643586e+00	5.640949676288482806e+01
2.610647185140439142e+00	5.620231086554351663e+01
2.616931864059273138e+00	5.606484468392340403e+01
2.623206107911065565e+00	5.582914686114391145e+01
2.629491626543270844e+00	5.563391882939462363e+01
2.635778507982642349e+00	5.543277672081469376e+01
2.642061039325260818e+00	5.518668084087058645e+01
2.648343840729305843e+00	5.511317324862905309e+01
2.654631838974855551e+00	5.497815321201394312e+01
2.660919001246303761e+00	5.477509691600683794e+01
2.667198525130066056e+00	5.452755014715672388e+01
2.673484307038032526e+00	5.437789553361427153e+01
2.679773388053849459e+00	5.428852514413173935e+01
2.686058217632288692e+00	5.397996197790309481e+01
2.692338738200057868e+00	5.389770321543807796e+01
2.698618022887226964e+00	5.358852720659643154e+01
2.704895450708277860e+00	5.357045181649274213e+01
2.711175674923682166e+00	5.328399979331579317e+01
2.717459832966957922e+00	5.313114737222520034e+01
2.723745731959044569e+00	5.299904985569456528e+01
2.730038414850594730e+00	5.275058306165083621e+01
2.736317989800789441e+00	5.254543342299008657e+01
2.742591858549239703e+00	5.243687167016371120e+01
2.748879749010778362e+00	5.224087947075656047e+01
2.755163403825859447e+00	5.204789731531581509e+01
2.761446955625852073e+00	5.189879524067460892e+01
2.767732088935374701e+00	5.173867995913440154e+01
2.774015452421743966e+00	5.153638122246437092e+01
2.780298635700591436e+00	5.128750419853926701e+01
2.786577474762241380e+00	5.123665853114729174e+01
2.792857983210164541e+00	5.101562851913769236e+01
2.799143790920211483e+00	5.094103211343465887e+01
2.805430058399325244e+00	5.071467387352782907e+01
2.811715058209780072e+00	5.059930060850846445e+01
2.817989272498773623e+00	5.031291434244723604e+01
2.824269171595737760e+00	5.021846156760382485e+01
2.830563016441804081e+00	5.001642666056593356e+01
2.836848750951622034e+00	4.986866738253916509e+01
2.843130027866129783e+00	4.967009696211238179e+01
2.849413896912404986e+00	4.960366755852800225e+01
2.855697464522425566e+00	4.946738408428794287e+01
2.861978799810683594e+00	4.929015714267990944e+01
2.868262469415629567e+00	4.917396410427824804e+01
2.874547359206753860e+00	4.893386955129904692e+01
2.880831111471525041e+00	4.877031963174384543e+01
2.887113216972382546e+00	4.868746845294116099e+01
2.893394504725182781e+00	4.855183834011582888e+01
2.899673662137033592e+00	4.835339825084596299e+01
2.905953958587380814e+00	4.814013277558616011e+01
2.912241118105161064e+00	4.801233309169793273e+01
2.918525996366671205e+00	4.792434851699392340e+01
2.924809035425688819e+00	4.769048381825607663e+01
2.931095916293684933e+00	4.764106217290587608e+01
2.937378182606774413e+00	4.742096834986077880e+01
2.943659980254369923e+00	4.731613992109335953e+01
2.949946454403890250e+00	4.714671968495316889e+01
2.956227653702202307e+00	4.699610849011569513e+01
2.962510478867462993e+00	4.684880715224458925e+01
2.968796535179442309e+00	4.666383822131342640e+01
2.975077657376874907e+00	4.657645910124968935e+01
2.981359866759223376e+00	4.637315561553072740e+01
2.987646761575656562e+00	4.627118342289716679e+01
2.993929038370399365e+00	4.617033203841582889e+01
3.000206214840962726e+00	4.593301282602305236e+01
3.006486172402415669e+00	4.579645100599221053e+01
3.012769812211594456e+00	4.571894695876439130e+01
3.019053144326170113e+00	4.556167022891884955e+01
3.025337405144251424e+00	4.542488990234868140e+01
3.031623734799107961e+00	4.524817631953549579e+01
3.037908962055872575e+00	4.514450772941567180e+01
3.044195067146031608e+00	4.500205047774251454e+01
3.050475543482170426e+00	4.485029977158042414e+01
3.056754954538277502e+00	4.471790920389955204e+01
3.063040539557494668e+00	4.459755916497549322e+01
3.069323699454357346e+00	4.448542877774004722e+01
3.075610692642898769e+00	4.434371068828941276e+01
3.081893798009918584e+00	4.424367128779881142e+01
3.088174549548037717e+00	4.398531472749358784e+01
3.094458635632868493e+00	4.391037885910042604e+01
3.100743982931558840e+00	4.377522910921389609e+01
3.107028111748448396e+00	4.363731694714979170e+01
3.113309299655494300e+00	4.353714596838577222e+01
3.119590662867241626e+00	4.337761696139418888e+01
3.125874006820172912e+00	4.327638792393954503e+01
3.132159251154602586e+00	4.311361200666479476e+01
3.138439172765940643e+00	4.301468925075601391e+01
3.144723867719826593e+00	4.294183113078700842e+01
3.151003951258561031e+00	4.275322312687023896e+01
3.157283664131563139e+00	4.264747349744666138e+01
3.163569317183839935e+00	4.252961311532763489e+01
3.169851661717792091e+00	4.238404562996766600e+01
3.176137704316093657e+00	4.227086785033340277e+01
3.182420924828643916e+00	4.212253908875540276e+01
3.188702811875577581e+00	4.202645581884960535e+01
3.194990520008989865e+00	4.184715671719995811e+01
3.201275324656983834e+00	4.178187447112468078e+01
3.207551352179861759e+00	4.167807973053180604e+01
3.213835216737041645e+00	4.152052063132904891e+01
3.220122583232833069e+00	4.135564741703304037e+01
3.226406742924135429e+00	4.129873306497336216e+01
3.232687780696062330e+00	4.114839636974434001e+01
3.238969655328027830e+00	4.104742861038796775e+01
3.245255277101616542e+00	4.092533292172970505e+01
3.251535011640163564e+00	4.077547177353167740e+01
3.257818003813031105e+00	4.069105417974832051e+01
3.264102221109783653e+00	4.054368521462160402e+01
3.270384292019360650e+00	4.041452446523584285e+01
3.276669661528033295e+00	4.031240570950026836e+01
3.282954959428502129e+00	4.017142685022754023e+01
3.289237404186242664e+00	4.010195841722975985e+01
3.295520089783741557e+00	4.002170844000901440e+01
3.301806752077604656e+00	3.985933470132388123e+01
3.308088223820720764e+00	3.978599124335093506e+01
3.314368261570299179e+00	3.964472527552349135e+01
3.320652437161483395e+00	3.956307408666723546e+01
3.326931794971404788e+00	3.943510213363840222e+01
3.333217160637052423e+00	3.929706501639788030e+01
3.339505281584182139e+00	3.917679352490172562e+01
3.345788032901124254e+00	3.907209517624743711e+01
3.352072215338917527e+00	3.899669561422370379e+01
3.358351721092683650e+00	3.883679558957631173e+01
3.364630901333774737e+00	3.875662357515675893e+01
3.370917100324783089e+00	3.866864562798154026e+01
3.377199660067799591e+00	3.856845976453201530e+01
3.383485013463421787e+00	3.841769609229851312e+01
3.389771439494566163e+00	3.837553941319865913e+01
3.396052341372981065e+00	3.822237275143331203e+01
3.402331950110847991e+00	3.814239944529224857e+01
3.408610877987936050e+00	3.795885773331664836e+01
3.414897428279597857e+00	3.788300816155059891e+01
3.421180820021369140e+00	3.776158527492140848e+01
3.427463479381863465e+00	3.771039656707954890e+01
3.433751015245051885e+00	3.755737702902894171e+01
3.440033626714229520e+00	3.745986426585238860e+01
3.446314605371288753e+00	3.734894095483145549e+01
3.452601673592025300e+00	3.724857779929723023e+01
3.458885010102537461e+00	3.716382990951662890e+01
3.465165382625436052e+00	3.708636983546670507e+01
3.471450186001472371e+00	3.700967074765495113e+01
3.477735346796833937e+00	3.686766152875679836e+01
3.484020445216770234e+00	3.675666639432662208e+01
3.490298440796006041e+00	3.668155038562068881e+01
3.496584067663395246e+00	3.660994402988713858e+01
3.502869724247282601e+00	3.645048909747526267e+01
3.509147155090630577e+00	3.635910882785863407e+01
3.515429295494898021e+00	3.628183593865330892e+01
3.521711026397390309e+00	3.613963735516259135e+01
3.527992385414108867e+00	3.607216051010211544e+01
3.534278202600676710e+00	3.595996971473980608e+01
3.540565864793495887e+00	3.590389064155953491e+01
3.546847394840200618e+00	3.576081760842137669e+01
3.553133156116289104e+00	3.564341910125234136e+01
3.559419395183105905e+00	3.558547915012940877e+01
3.565698659964656958e+00	3.543307693606628561e+01
3.571980987295443999e+00	3.543460047403642221e+01
3.578268134721362959e+00	3.532097873380831743e+01
3.584550390502704964e+00	3.522707267133574760e+01
3.590828598979392439e+00	3.511995596351992077e+01
3.597109030419320064e+00	3.505790765023541411e+01
3.603394658462786726e+00	3.493789787937688374e+01
3.609675817919618446e+00	3.487603369512567042e+01
3.615957395142801456e+00	3.473386169065616969e+01
3.622243028760232963e+00	3.465804447306617675e+01
3.628521995018405999e+00	3.456236278884326651e+01
3.634806478072643898e+00	3.449131718567585381e+01
3.641095328493167749e+00	3.437983613631176638e+01
3.647383002109336303e+00	3.430681156553139033e+01
3.653664806449053781e+00	3.420760513818269288e+01
3.659946572710151447e+00	3.413889349266825946e+01
3.666233811666256504e+00	3.398229212941669175e+01
3.672516189134512388e+00	3.394841439074466649e+01
3.678796945902389925e+00	3.386362242614877260e+01
3.685080813607194195e+00	3.376987722906395106e+01
3.691361543344263474e+00	3.365771266483127988e+01
3.697645283786599624e+00	3.362172000792728710e+01
3.703928199098653451e+00	3.351191183546042396e+01
3.710210502013060907e+00	3.343269017038220170e+01
3.716496296870605232e+00	3.335195765532824197e+01
3.722776486932327877e+00	3.327599683325616553e+01
3.729060416111269927e+00	3.315263494971634373e+01
3.735344142471088258e+00	3.307241456933647328e+01
3.741626210335285752e+00	3.300296335360926037e+01
3.747907842521499333e+00	3.295505308213881079e+01
3.754191315853747213e+00	3.285960132112058574e+01
3.760479319895854822e+00	3.274554119537676655e+01
3.766759145313595791e+00	3.267089665368653328e+01
3.773036907177483634e+00	3.262812781277342822e+01
3.779324514631283272e+00	3.253002096896529594e+01
3.785609669548166689e+00	3.243827937130804173e+01
3.791892222198169904e+00	3.236778904570851978e+01
3.798177528103902301e+00	3.226275745578858078e+01
3.804459892157880496e+00	3.214387310762612060e+01
3.810740948330623823e+00	3.211233760414593519e+01
3.817024319321307146e+00	3.202591102785527966e+01
3.823308477474196998e+00	3.199797626816842566e+01
3.829590471114364458e+00	3.192220299742425382e+01
3.835872958772551300e+00	3.178162780420521116e+01
3.842160533954416035e+00	3.172319999268177071e+01
3.848444931194360485e+00	3.165378541809404922e+01
3.854724931404150734e+00	3.158518958331774229e+01
3.861007423837739427e+00	3.149966691266492091e+01
3.867288236453878980e+00	3.141793115394125380e+01
3.873571022283038623e+00	3.133217540156555359e+01
3.879854189813281451e+00	3.128663467884373972e+01
3.886139502580644667e+00	3.114864838328415786e+01
3.892423023734650211e+00	3.111294296740997822e+01
3.898706515818080920e+00	3.103041647014392268e+01
3.904992170181166067e+00	3.096252253876647487e+01
3.911273481801949892e+00	3.089079021864934660e+01
3.917555694238973096e+00	3.084303427730950631e+01
3.923840856213441253e+00	3.075376744594396783e+01
3.930124402389529426e+00	3.066906444640391527e+01
3.936403025744065864e+00	3.059915868695864205e+01
3.942687347293910349e+00	3.052616201350585712e+01
3.948974864288690156e+00	3.041413145314424682e+01
3.955261292645773530e+00	3.039166524057086249e+01
3.961542135245142759e+00	3.031968069169166569e+01
3.967823193350754618e+00	3.022806279999465673e+01
3.974109020393291392e+00	3.018448466236018035e+01
3.980389492521388295e+00	3.008171378140334795e+01
3.986670137368907518e+00	3.003033264204688280e+01
3.992953896968744587e+00	2.993804014656657841e+01
3.999238617507132165e+00	2.985307475209722128e+01
4.005521848682476183e+00	2.982089609417817755e+01
4.011801728653744625e+00	2.978619218023715121e+01
4.018084950833162416e+00	2.965233709725645639e+01
4.024369364042536645e+00	2.963292429153052154e+01
4.030649290339662016e+00	2.951714164718589117e+01
4.036931728584523427e+00	2.948244854175788277e+01
4.043219688541424439e+00	2.941563630050192657e+01
4.049506899408534366e+00	2.934480355576325650e+01
4.055787366660469573e+00	2.928456700634130527e+01
4.062066547335313693e+00	2.923753027932630744e+01
4.068352249765016637e+00	2.914976881865637637e+01
4.074635400200032898e+00	2.907577630056141871e+01
4.080916645468431803e+00	2.902161950716101302e+01
4.087204941511655143e+00	2.894671728674487099e+01
4.093489744573494349e+00	2.889972863300125283e+01
4.099769782564211873e+00	2.879610498125780182e+01
4.106051803685000223e+00	2.874482293537190003e+01
4.112335541023274921e+00	2.867173045731617975e+01
4.118621034470996811e+00	2.859241281649227773e+01
4.124902123600567627e+00	2.851441928382140389e+01
4.131180789387779662e+00	2.851833910523217597e+01
4.137467152734491727e+00	2.842672829453709937e+01
4.143752411732399388e+00	2.838006143010591131e+01
4.150035997758853235e+00	2.831578007576616329e+01
4.156318994215435936e+00	2.822743973790120009e+01
4.162600850860413537e+00	2.815364189045689258e+01
4.168886805443703381e+00	2.810681032492682974e+01
4.175169201816569142e+00	2.808861092433597406e+01
4.181451833643949456e+00	2.797864738480513935e+01
4.187738551826108768e+00	2.796260751016241741e+01
4.194020968404802652e+00	2.788600361926354765e+01
4.200300098304675878e+00	2.783210790508345767e+01
4.206582681928627387e+00	2.773708857445722131e+01
4.212863917391838520e+00	2.768822691711714512e+01
4.219146675218245157e+00	2.764197331389040357e+01
4.225433399638898635e+00	2.757578145298560202e+01
4.231717636219501699e+00	2.752427793980979231e+01
4.237998107271561565e+00	2.744849050083392328e+01
4.244279274585160522e+00	2.737453240552575551e+01
4.250565748123747767e+00	2.732839781624867115e+01
4.256850812275720486e+00	2.732049017382333034e+01
4.263131961588875640e+00	2.724163275591737232e+01
4.269413876420025566e+00	2.717277146329812965e+01
4.275697153135253004e+00	2.711211217289432085e+01
4.281979093743806253e+00	2.705150677391616654e+01
4.288262803133342516e+00	2.701229377259129549e+01
4.294548176269606721e+00	2.694451873743034298e+01
4.300830542776274079e+00	2.687033516378557252e+01
4.307114169987665164e+00	2.684346339760734068e+01
4.313397310485011182e+00	2.675179629863200503e+01
4.319679807516462411e+00	2.674294288933072394e+01
4.325961294997711093e+00	2.666373030267455846e+01
4.332246291442954700e+00	2.661535147773387067e+01
4.338534044042824611e+00	2.657179723896797441e+01
4.344817093632537208e+00	2.650579808943472315e+01
4.351098455720261882e+00	2.643516159408972754e+01
4.357382699237882129e+00	2.639053645173969542e+01
4.363668574435059178e+00	2.633254930648195469e+01
4.369951681558509549e+00	2.628952234893940698e+01
4.376230701636004916e+00	2.623201237810194897e+01
4.382509128822225541e+00	2.617317702402577595e+01
4.388794507367851594e+00	2.611341032937717799e+01
4.395078345485956106e+00	2.606536609263572402e+01
4.401360571712618963e+00	2.603341899892782862e+01
4.407642765059209822e+00	2.597613053052013399e+01
4.413925532853435918e+00	2.591737570604057694e+01
4.420212265088335535e+00	2.585735294267061590e+01
4.426494923377055635e+00	2.581576032566124113e+01
4.432778200164984916e+00	2.576638502478807524e+01
4.439059549159347640e+00	2.570490602679430481e+01
4.445341633723508323e+00	2.565444705769191813e+01
4.451628153581151714e+00	2.560911524879401924e+01
4.457914075053152736e+00	2.554246200295035152e+01
4.464198828033338451e+00	2.553867621119303521e+01
4.470481027027099152e+00	2.545421556616153325e+01
4.476763850649240872e+00	2.539999795371483060e+01
4.483048052405075978e+00	2.535829948789885080e+01
4.489330964709455252e+00	2.530000311499654586e+01
4.495611727918309874e+00	2.525935961708719546e+01
4.501891061164378094e+00	2.521638713642514062e+01
4.508174082494138091e+00	2.517701985039748536e+01
4.514459602317558051e+00	2.509839138558385940e+01
4.520740801158349420e+00	2.506064306646335282e+01
4.527022913304967311e+00	2.502796548097213503e+01
4.533308016920298833e+00	2.494939469629699857e+01
4.539591308628724065e+00	2.492227789915931879e+01
4.545873782712500422e+00	2.487071207953037799e+01
4.552156480339004219e+00	2.481864727378438928e+01
4.558442638126136259e+00	2.477156589215546134e+01
4.564726877785655113e+00	2.472203307606967471e+01
4.571008742331169827e+00	2.468168682030011141e+01
4.577292324535039647e+00	2.466088790422173815e+01
4.583575462082454699e+00	2.457721209796423167e+01
4.589860930797428296e+00	2.454679480470764830e+01
4.596142975513290097e+00	2.448810259796426436e+01
4.602424315318133452e+00	2.445083708040048975e+01
4.608710852812976988e+00	2.440739970109689949e+01
4.614995110012409363e+00	2.437484954724293118e+01
4.621276726152430570e+00	2.431478626713837343e+01
4.627559518029544350e+00	2.428913152670308051e+01
4.633840868257946610e+00	2.426096355938444660e+01
4.640121685725985046e+00	2.420978422051584289e+01
4.646403933545071752e+00	2.412858792617301518e+01
4.652690022749247589e+00	2.408792563578059642e+01
4.658975104642016696e+00	2.405690911552075661e+01
4.665256988855509768e+00	2.404004617576399028e+01
4.671540315453753145e+00	2.397251737483761858e+01
4.677823252739388593e+00	2.392137082651619551e+01
4.684107460061714967e+00	2.390378580922334351e+01
4.690389580278539583e+00	2.386251233814197548e+01
4.696673367749368389e+00	2.379870624781134225e+01
4.702958182728920633e+00	2.374567280118102275e+01
4.709238524629268952e+00	2.371604474742997581e+01
4.715520656940346278e+00	2.367293807600177047e+01
4.721803865448026549e+00	2.363294554041353734e+01
4.728088511173345942e+00	2.360903916285704796e+01
4.734371771497817072e+00	2.354087188111633111e+01
4.740653020832764852e+00	2.350917919141817336e+01
4.746937182329531879e+00	2.348649993215963860e+01
4.753220414264077043e+00	2.342427059011626866e+01
4.759499049808888493e+00	2.340084869396225287e+01
4.765783379438699008e+00	2.336337231936467873e+01
4.772070997631147726e+00	2.332727115180295741e+01
4.778354067277998496e+00	2.325769380434858391e+01
4.784639061987071784e+00	2.322880277865511189e+01
4.790923679218720643e+00	2.318723787724481511e+01
4.797206765425200636e+00	2.316268717773102281e+01
4.803489964089736830e+00	2.311066626191466611e+01
4.809773332812925517e+00	2.308859794164816748e+01
4.816054206289469342e+00	2.303927514737465998e+01
4.822335279217504045e+00	2.300831395273704771e+01
4.828617943638689347e+00	2.295166030331448326e+01
4.834901109315405954e+00	2.294210721935717956e+01
4.841184137211681282e+00	2.288375660558542535e+01
4.847466436724014116e+00	2.284562658232830046e+01
4.853753002391765214e+00	2.280330919339152729e+01
4.860039737306403929e+00	2.278326426205468280e+01
4.866321007836371670e+00	2.273966140915031175e+01
4.872603543761108824e+00	2.268924897348646752e+01
4.878888314327068265e+00	2.265531390125106626e+01
4.885169085338047168e+00	2.263586803906243006e+01
4.891450843193630327e+00	2.259128086858552109e+01
4.897734833647528596e+00	2.256658671267189575e+01
4.904019953780688112e+00	2.251646764328880579e+01
4.910301829569442056e+00	2.246227967490391819e+01
4.916581492332703363e+00	2.245352000214004917e+01
4.922869237469498671e+00	2.240653597050266654e+01
4.929151675786211051e+00	2.238488919918018638e+01
4.935432191624619769e+00	2.236129183333070003e+01
4.941718810430444364e+00	2.230496500231146584e+01
4.947999669024995661e+00	2.227279144663007671e+01
4.954283719016965293e+00	2.224677857851267504e+01
4.960568196992340084e+00	2.220554541641394053e+01
4.966848661271078491e+00	2.217991405496090707e+01
4.973132407173933345e+00	2.215200192768553933e+01
4.979416016920327870e+00	2.210664824298908115e+01
4.985700982640893564e+00	2.210535706392385435e+01
4.991985346263254186e+00	2.206215847859241208e+01
4.998265529500110382e+00	2.200806349131896411e+01
5.004548179569539457e+00	2.197614260624651905e+01
5.010833961770370770e+00	2.195840643859597208e+01
5.017113256521960274e+00	2.193251079920279878e+01
5.023396041027774039e+00	2.189028001045787164e+01
5.029681475492235876e+00	2.185491907544978574e+01
5.035961567681529694e+00	2.183856876947056591e+01
5.042248110947471496e+00	2.178378401110303031e+01
5.048533940390520947e+00	2.177188350978601150e+01
5.054816260320298404e+00	2.172438754552827334e+01
5.061102139372854580e+00	2.169955681622042576e+01
5.067384329676681176e+00	2.167529038961986387e+01
5.073664462232668981e+00	2.163400146647063593e+01
5.079943472399873095e+00	2.160921918414920739e+01
5.086228311011742775e+00	2.158308626911591688e+01
5.092514807969297230e+00	2.154156398459903343e+01
5.098797808033393331e+00	2.152621618215678012e+01
5.105080540543926126e+00	2.147754463594505481e+01
5.111360962795224339e+00	2.145584744092256813e+01
5.117645781027345464e+00	2.142803078264175554e+01
5.123930964424415535e+00	2.139914015047151352e+01
5.130213708377807436e+00	2.138573834498777515e+01
5.136495015128838659e+00	2.135198905189958296e+01
5.142779436982586105e+00	2.131540710841134612e+01
5.149064118295347825e+00	2.129857163556279787e+01
5.155344411526658455e+00	2.125648662182129911e+01
5.161627779866666543e+00	2.123095538689371509e+01
5.167913740370217113e+00	2.120908451486601010e+01
5.174198266395828583e+00	2.118424297609858442e+01
5.180481189129206854e+00	2.116227247647455201e+01
5.186764472208852617e+00	2.112275647036194570e+01
5.193046595452497805e+00	2.109983626728640616e+01
5.199327079935569529e+00	2.108153530668116815e+01
5.205609444676555064e+00	2.104602100062115611e+01
5.211893303103455999e+00	2.101760289562779604e+01
5.218177916330787980e+00	2.097244504183477432e+01
5.224459862763951357e+00	2.095329185475538480e+01
5.230740466782985543e+00	2.094518461182965297e+01
5.237025961088782822e+00	2.090736168775243797e+01
5.243313598068279902e+00	2.088385213500842852e+01
5.249594309107830092e+00	2.085268696745532679e+01
5.255874964827083495e+00	2.085455716074462984e+01
5.262157747501174931e+00	2.082273628936646048e+01
5.268438824089301420e+00	2.077281224209395560e+01
5.274721637140316055e+00	2.074038588178749620e+01
5.281006469838503747e+00	2.074528310240545892e+01
5.287292496102389272e+00	2.072582238882744932e+01
5.293575595323481764e+00	2.068618922183295084e+01
5.299859706816874905e+00	2.064904646635782370e+01
5.306143977355304742e+00	2.063772687763643887e+01
5.312426364666504419e+00	2.061902457069351158e+01
5.318709330312893613e+00	2.058696898407469433e+01
5.324992644598935065e+00	2.054527319340923697e+01
5.331277484619230123e+00	2.054250785262636825e+01
5.337560958365389574e+00	2.051622157954341574e+01
5.343843124841810344e+00	2.047057954343065234e+01
5.350126038166059139e+00	2.047002159998820048e+01
5.356410075252421521e+00	2.044736305526824793e+01
5.362695405096778778e+00	2.042652239707790329e+01
5.368977097932062570e+00	2.040039298703101878e+01
5.375258808874544769e+00	2.038123266464340944e+01
5.381541594816409813e+00	2.035464942597946703e+01
5.387824073402444292e+00	2.035269474762065656e+01
5.394107710691918633e+00	2.031822559029113506e+01
5.400389564554759048e+00	2.030852818355304734e+01
5.406673120360865781e+00	2.028194037740506772e+01
5.412954979703249236e+00	2.025830231524729896e+01
5.419237431005997863e+00	2.024629515537214530e+01
5.425522656562493218e+00	2.022028579524001657e+01
5.431805024966324780e+00	2.018344349777049729e+01
5.438090050821980270e+00	2.018869617800688232e+01
5.444373757028635907e+00	2.017171872366168728e+01
5.450655653948349055e+00	2.015677358354316340e+01
5.456939921543491501e+00	2.010989175324335321e+01
5.463222153650759694e+00	2.008827039530308411e+01
5.469505251979764893e+00	2.009765838238615743e+01
5.475790652607768649e+00	2.006287127181766650e+01
5.482075057617970870e+00	2.004180709330631416e+01
5.488360269445463402e+00	2.002176660389451612e+01
5.494642200634690887e+00	2.000401225953257978e+01
5.500921682980377980e+00	1.999862014780836716e+01
5.507203574474133667e+00	1.995885680044413135e+01
5.513486489477803509e+00	1.996375629854239975e+01
5.519771146895818603e+00	1.993691470814245648e+01
5.526053690192830103e+00	1.992024213128248533e+01
5.532332541037939144e+00	1.988276300516044515e+01
5.538614323484172708e+00	1.989310265533757871e+01
5.544902338811509068e+00	1.988642744058212841e+01
5.551186534269381134e+00	1.985633818575923826e+01
5.557469638055942518e+00	1.985147586491376970e+01
5.563754580784606496e+00	1.981085890062476196e+01
5.570036690405944846e+00	1.978355635870911655e+01
5.576318373364024694e+00	1.978737308529874639e+01
5.582601572200236895e+00	1.977860675805095525e+01
5.588888120876632115e+00	1.976589698541646811e+01
5.595173741870149264e+00	1.973119528477579721e+01
5.601457227753345869e+00	1.971088244589275362e+01
5.607738688426701756e+00	1.969351171879097606e+01
5.614020022109627028e+00	1.968637937400772486e+01
5.620301154291870382e+00	1.969661539762628166e+01
5.626584710460645233e+00	1.966064966491278909e+01
5.632869788248149767e+00	1.966439667939343394e+01
5.639148967006594404e+00	1.963182415029549688e+01
5.645431295252040016e+00	1.963916866818543028e+01
5.651716737462429307e+00	1.960625551497008701e+01
5.658001277062963297e+00	1.958951170855515045e+01
5.664286026675935837e+00	1.958665080556825089e+01
5.670565282842825461e+00	1.957444081663358659e+01
5.676850710843619474e+00	1.956133608494559084e+01
5.683136909180062091e+00	1.955915330870547919e+01
5.689417480489945333e+00	1.953022468336056150e+01
5.695701397652380038e+00	1.951964072468045686e+01
5.701985436625887083e+00	1.949409128197858010e+01
5.708269617051179523e+00	1.949759187569167906e+01
5.714551628215263968e+00	1.947822868120670847e+01
5.720831174548058229e+00	1.947565610206739706e+01
5.727114963116639146e+00	1.946361813729031454e+01
5.733398611994073413e+00	1.944771362459911401e+01
5.739683474803305430e+00	1.944671959128755390e+01
5.745967013143085111e+00	1.942983495003942096e+01
5.752250002431584797e+00	1.943197336970193945e+01
5.758534303404089449e+00	1.940393489315958320e+01
5.764814141126125335e+00	1.939514515572535913e+01
5.771096272956745210e+00	1.937382278017526360e+01
5.777379704031117669e+00	1.939372819595096331e+01
5.783664591976051206e+00	1.937961115910523091e+01
5.789946591193413816e+00	1.936961773153525357e+01
5.796230242177635716e+00	1.935427030482077271e+01
5.802515682142820985e+00	1.934740058003803043e+01
5.808797164729273099e+00	1.934373059150751573e+01
5.815081057420148802e+00	1.933094395824693024e+01
5.821364612260316207e+00	1.931776326001092770e+01
5.827645208774245411e+00	1.933182527625298874e+01
5.833927755906026746e+00	1.930464441438686762e+01
5.840215015626814221e+00	1.930411570384785236e+01
5.846500930028773801e+00	1.929682453087145433e+01
5.852781378819577718e+00	1.928077517711267674e+01
5.859062116316530400e+00	1.928905374404436301e+01
5.865348025470020765e+00	1.926962561792693762e+01
5.871631774920457403e+00	1.926226800949375928e+01
5.877913673835700514e+00	1.927045532134173556e+01
5.884196349340821364e+00	1.925004998316171623e+01
5.890478397803067701e+00	1.924325854689292825e+01
5.896762302888641116e+00	1.925062496574487625e+01
5.903045134055210141e+00	1.924472510710690898e+01
5.909327877455899269e+00	1.924412859608182202e+01
5.915612596115613186e+00	1.923315077475461976e+01
5.921894019608067161e+00	1.923556089093832355e+01
5.928176792315784205e+00	1.922351687253924268e+01
5.934463876337915167e+00	1.921768038556965053e+01
5.940750243779617357e+00	1.921379703443750486e+01
5.947032857268582440e+00	1.920947477880328691e+01
5.953312251476173600e+00	1.920840164396662786e+01
5.959593026887988643e+00	1.920364593356701377e+01
5.965875341018968214e+00	1.920682421401096462e+01
5.972160204308599063e+00	1.919352341077061297e+01
5.978445208146615286e+00	1.919637794222675353e+01
5.984726817131742038e+00	1.920672642499188498e+01
5.991011708738671615e+00	1.919667673406453900e+01
5.997296227197029594e+00	1.919105933374546424e+01
6.003576575337549848e+00	1.919644171958790935e+01
6.009859292459893254e+00	1.919233734317088391e+01
6.016142972779908504e+00	1.917036786788726133e+01
6.022425558324098205e+00	1.919170668905130483e+01
6.028706271281157214e+00	1.916055925812328198e+01
6.034987680737547322e+00	1.918407547258633272e+01
6.041273362373974720e+00	1.920664518314526603e+01
6.047557380359897650e+00	1.918670960539366277e+01
6.053840423973330331e+00	1.917865898507604072e+01
6.060124902733451613e+00	1.918847407480336997e+01
6.066409511003021393e+00	1.917479996219162430e+01
6.072693616509751813e+00	1.921100138965632098e+01
6.078974059261787133e+00	1.919156633856260541e+01
6.085256904760633745e+00	1.919105861135914282e+01
6.091540595741359532e+00	1.918656056221536588e+01
6.097824841773975102e+00	1.920802861806947703e+01
6.104110357974660062e+00	1.919060749007131150e+01
6.110395224599376007e+00	1.920911413310962601e+01
6.116677707210643078e+00	1.920475496859912923e+01
6.122958089999463560e+00	1.920657855088517252e+01
6.129240120785679480e+00	1.921079588102924163e+01
6.135524398666674983e+00	1.921163984283558079e+01
6.141807072646122023e+00	1.921545193210603131e+01
6.148088945144154494e+00	1.921913396887888581e+01
6.154375231421847836e+00	1.924497816276606343e+01
6.160660037816205303e+00	1.923835831436474919e+01
6.166939689713940353e+00	1.923382916041252244e+01
6.173221400064198505e+00	1.923897558711532341e+01
6.179506729091260198e+00	1.924928921234295132e+01
6.185789030740345140e+00	1.924755854167757008e+01
6.192071979577217000e+00	1.925282474682891376e+01
6.198355645964535476e+00	1.925985934239343322e+01
6.204640139810542188e+00	1.927617360715774097e+01
6.210924024506645935e+00	1.926417171153467223e+01
6.217206282856107435e+00	1.928702435441133289e+01
6.223484924641317306e+00	1.928621205702016184e+01
6.229766712824789998e+00	1.929611952016609777e+01
6.236053960362178294e+00	1.932797378460423943e+01
6.242339478843268452e+00	1.931907211992186291e+01
6.248622581802346865e+00	1.931969017874016359e+01
6.254905657141842212e+00	1.933499915190157026e+01
6.261190053334275696e+00	1.935202272527420320e+01
6.267470059113607661e+00	1.934935664684493872e+01
6.273751592154334311e+00	1.936956084739957973e+01
6.280037675952768517e+00	1.936607343191760577e+01
6.286321814655880580e+00	1.938479502351380290e+01
6.292605431912358327e+00	1.939574286052517138e+01
6.298890143835981448e+00	1.939651647227181641e+01
6.305170951002691204e+00	1.941686602826952068e+01
6.311454002995020574e+00	1.942717195269221619e+01
6.317738607765697623e+00	1.944709445237330669e+01
6.324019275175501775e+00	1.947042489534464949e+01
6.330299716422385536e+00	1.947208504954183184e+01
6.336582297224908622e+00	1.947537562761137053e+01
6.342865841040642216e+00	1.949490111895793731e+01
6.349148566076599387e+00	1.950410655429486440e+01
6.355435019789322126e+00	1.951484963749321011e+01
6.361721067304499933e+00	1.953462969816444428e+01
6.368003125166401546e+00	1.953548291441250839e+01
6.374285080841900708e+00	1.956145282907874972e+01
6.380569057156161961e+00	1.957223513453066488e+01
6.386851997153571325e+00	1.958157287106212152e+01
6.393132724036961534e+00	1.960954519288195996e+01
6.399418309081871925e+00	1.960161804238317629e+01
6.405703851809616545e+00	1.963889925739731979e+01
6.411984390940914658e+00	1.966602673087452047e+01
6.418265170038671918e+00	1.967012324202837092e+01
6.424548704930994170e+00	1.969332832887625173e+01
6.430833905634499637e+00	1.971608648771951877e+01
6.437115954956198038e+00	1.970578155257741670e+01
6.443399584235370625e+00	1.970082062820321411e+01
6.449685084617230224e+00	1.967758561272192352e+01
6.455969259394172433e+00	1.968364896343140202e+01
6.462251987769077388e+00	1.966041788413388147e+01
6.468532918054102687e+00	1.965693602720557820e+01
6.474816084529635418e+00	1.963000825205449118e+01
6.481098831624377610e+00	1.962202027502592472e+01
6.487381268503511933e+00	1.960421596592312810e+01
6.493665653406352156e+00	1.960357917975940367e+01
6.499950227766248645e+00	1.957682618152318454e+01
6.506235421795862450e+00	1.957598234388763458e+01
6.512516712074600811e+00	1.955296770646100413e+01
6.518796721996995558e+00	1.956932855839284713e+01
6.525078878606279886e+00	1.953279624180147422e+01
6.531361855301110353e+00	1.952354895280760516e+01
6.537645283266730445e+00	1.952988131443344244e+01
6.543926313220259416e+00	1.951474510727693357e+01
6.550214690245476312e+00	1.948152138586637250e+01
6.556501105104029392e+00	1.947528803031512723e+01
6.562782971337672855e+00	1.946703848862911101e+01
6.569065756784152832e+00	1.946077599470320152e+01
6.575346720238486320e+00	1.944536190597954572e+01
6.581630056482615565e+00	1.944380950635341421e+01
6.587911896991571759e+00	1.943860435216187454e+01
6.594196704118640895e+00	1.943316350262561087e+01
6.600482656457397290e+00	1.941423572000934783e+01
6.606764939737194808e+00	1.940561280274818756e+01
6.613045242122070455e+00	1.938433305224576841e+01
6.619328737756779546e+00	1.936654972844044664e+01
6.625612740835358672e+00	1.936632784604818980e+01
6.631893792377116625e+00	1.936593967596193266e+01
6.638176645816265875e+00	1.936241295095204862e+01
6.644461189201599005e+00	1.934329908164379574e+01
6.650743310984570833e+00	1.932440727931141922e+01
6.657024307119599804e+00	1.933236336867792815e+01
6.663308220264097415e+00	1.931399181093641104e+01
6.669593948480725842e+00	1.929214821072380914e+01
6.675878973237319158e+00	1.928952177661908607e+01
6.682161154117291169e+00	1.928632261929950076e+01
6.688445354710874646e+00	1.926605677440020514e+01
6.694729231311855600e+00	1.926333446779470648e+01
6.701011164409746534e+00	1.927079157240951091e+01
6.707294912000670628e+00	1.924799537379747960e+01
6.713579577811587207e+00	1.925032007329317807e+01
6.719862743886084289e+00	1.923877514236055219e+01
6.726142918983582852e+00	1.920855253868803558e+01
6.732426080524165357e+00	1.922751282854692434e+01
6.738712053312013062e+00	1.921047513076437596e+01
6.744997637367457166e+00	1.919961720776216652e+01
6.751279279535813416e+00	1.919986167313091485e+01
6.757558339514514678e+00	1.918939447685936983e+01
6.763842037233409599e+00	1.916142082300249783e+01
6.770127348829022118e+00	1.917409049269997823e+01
6.776408840704216452e+00	1.914824640257696586e+01
6.782687673555998664e+00	1.915990423697768819e+01
6.788972083112701839e+00	1.915300153830292729e+01
6.795258661750371409e+00	1.913040361372281239e+01
6.801542767789834798e+00	1.912104516928425113e+01
6.807824480648486443e+00	1.912774518504683385e+01
6.814106954186806675e+00	1.911750182812415844e+01
6.820392851269718726e+00	1.911737981984838797e+01
6.826676281291431003e+00	1.910338769331168152e+01
6.832958961010069387e+00	1.910993928726258062e+01
6.839238818994137326e+00	1.908211790269007224e+01
6.845520208337331880e+00	1.907952532516790711e+01
6.851808349628862871e+00	1.907913314860063281e+01
6.858092592149865219e+00	1.906974098503331305e+01
6.864372536489836918e+00	1.907499741794911330e+01
6.870656532042565878e+00	1.906190111971846335e+01
6.876941512567587012e+00	1.904767393539039588e+01
6.883222162733833471e+00	1.903517049801587646e+01
6.889503085451607056e+00	1.903438939901652205e+01
6.895787917555654012e+00	1.903512879302668637e+01
6.902073411391319802e+00	1.902558019216303009e+01
6.908355834748092228e+00	1.902619581422394290e+01
6.914637800969575032e+00	1.899939831414233993e+01
6.920920247509720902e+00	1.899541617441893848e+01
6.927203425187192565e+00	1.901344743592798281e+01
6.933486552405245362e+00	1.899650472410075253e+01
6.939769462794004973e+00	1.899574680030869445e+01
6.946056330896190900e+00	1.897972015355568232e+01
6.952339126235035138e+00	1.898074462415485542e+01
6.958621154751955196e+00	1.897760946567391827e+01
6.964907236542164704e+00	1.896358588806470991e+01
6.971191211824224965e+00	1.897183369260473995e+01
6.977471300225401407e+00	1.897435514260412148e+01
6.983752559578391583e+00	1.895115843624233776e+01
6.990036901308418926e+00	1.895568118338269770e+01
6.996320453346646318e+00	1.895275932092568993e+01
7.002603330641801627e+00	1.895435871434857944e+01
7.008888530757308999e+00	1.895086304615984218e+01
7.015173919943431535e+00	1.893266450520322763e+01
7.021450312977081332e+00	1.894766415573643314e+01
7.027729785623876957e+00	1.892025821704674371e+01
7.034017131426823610e+00	1.892986034814183327e+01
7.040300283909755485e+00	1.892443893216075779e+01
7.046583172578102072e+00	1.892556981882657041e+01
7.052866868103825126e+00	1.892148942250451782e+01
7.059150311077623918e+00	1.891699253679596637e+01
7.065437806817732813e+00	1.889594956425874983e+01
7.071722591775243316e+00	1.891931237491470696e+01
7.078003175319721230e+00	1.891840080543792624e+01
7.084285781870184984e+00	1.891230572294639956e+01
7.090569384047250345e+00	1.890567061027774542e+01
7.096852380638589253e+00	1.889854509215491518e+01
7.103134707410247550e+00	1.889316187244312673e+01
7.109419467434031858e+00	1.887935319381108812e+01
7.115705528103839050e+00	1.889223135091281591e+01
7.121986708983768288e+00	1.889581971115682890e+01
7.128267053757205929e+00	1.888591526839828205e+01
7.134550903977171288e+00	1.888290452038667055e+01
7.140834398921893644e+00	1.889609547500304032e+01
7.147115186040185364e+00	1.887637239257895772e+01
7.153397807902658556e+00	1.887924791015382908e+01
7.159682632157840843e+00	1.888141077021020209e+01
7.165967279134401124e+00	1.887169437428925534e+01
7.172248546249632817e+00	1.887261211136656058e+01
7.178529837550776449e+00	1.885999225410947844e+01
7.184814170814468604e+00	1.887681867296476668e+01
7.191098858744514821e+00	1.887885673997433145e+01
7.197382990659365376e+00	1.889284468652578752e+01
7.203665284164240568e+00	1.887284159433980690e+01
7.209947569587431992e+00	1.887190148338643070e+01
7.216230903912729033e+00	1.886493835387433293e+01
7.222514416098647416e+00	1.888918356624814976e+01
7.228796362760697036e+00	1.887321649508144006e+01
7.235079820993308708e+00	1.888015027014809988e+01
7.241362579234302821e+00	1.887081665986035262e+01
7.247644501304169040e+00	1.886401152134368076e+01
7.253931392849909621e+00	1.886579947118888256e+01
7.260216807065615008e+00	1.887988634289537160e+01
7.266497605048810371e+00	1.886922055674531151e+01
7.272781879030311813e+00	1.888085825823711517e+01
7.279064540564493591e+00	1.888673180713167454e+01
7.285345492871691420e+00	1.887232266033323569e+01
7.291629408585894367e+00	1.888009698741488762e+01
7.297911967176914594e+00	1.887501327197461976e+01
7.304197662215444531e+00	1.886268772940785254e+01
7.310482082715440200e+00	1.888039124114801837e+01
7.316762222385912118e+00	1.888472479971887097e+01
7.323046086598786530e+00	1.888972783033497649e+01
7.329331018607304848e+00	1.889021338678545803e+01
7.335614259443150154e+00	1.888535772806597635e+01
7.341893922022847185e+00	1.887520100265535561e+01
7.348177694080304079e+00	1.888309386928529676e+01
7.354463346923290956e+00	1.889376263409949530e+01
7.360743997156474983e+00	1.890198960379486337e+01
7.367027429911791714e+00	1.890261385153437956e+01
7.373313302668396574e+00	1.890114419967946446e+01
7.379596913570332539e+00	1.892500609743023432e+01
7.385877276588709961e+00	1.890175407050803358e+01
7.392159840658203862e+00	1.891290255812758403e+01
7.398443277828338438e+00	1.892419701058594939e+01
7.404726865076210807e+00	1.892380734138342646e+01
7.411011468184798723e+00	1.891745838336475316e+01
7.417294301294191428e+00	1.892700402946291760e+01
7.423575335374797746e+00	1.893687824943204134e+01
7.429859668346208146e+00	1.893945601160491066e+01
7.436145107491802797e+00	1.892700751340432319e+01
7.442427106929869751e+00	1.894100095090285762e+01
7.448708504072401482e+00	1.893948133054121996e+01
7.454992193987440174e+00	1.895917785156986568e+01
7.461275651420887556e+00	1.894797726278024541e+01
7.467557077374102015e+00	1.896259739295625124e+01
7.473840740475959699e+00	1.894791102309028474e+01
7.480123772724455833e+00	1.897484457245607459e+01
7.486406733348086817e+00	1.896653188769141352e+01
7.492691697605665446e+00	1.898342041640817968e+01
7.498976171222688336e+00	1.896036826294649558e+01
7.505258867350064200e+00	1.897839129971580618e+01
7.511542433783107597e+00	1.899155190206954558e+01
7.517826354012525414e+00	1.898428046847901385e+01
7.524108015973933306e+00	1.901521480216335291e+01
7.530389605644626450e+00	1.901187247664968538e+01
7.536671370047993257e+00	1.902521897478152368e+01
7.542955289933232166e+00	1.902128924815639976e+01
7.549237256375556981e+00	1.903984175954100522e+01
7.555520003798696926e+00	1.904604400910574569e+01
7.561805508743941751e+00	1.904238363408137857e+01
7.568091122826841044e+00	1.905867952762660877e+01
7.574376773993587442e+00	1.904557936409200991e+01
7.580657115561231230e+00	1.905774471099204703e+01
7.586939160429451157e+00	1.907287896342145217e+01
7.593224340709517683e+00	1.908403142846948342e+01
7.599507673643444150e+00	1.906628497931743382e+01
7.605791210175003592e+00	1.910327221861838609e+01
7.612071541070982050e+00	1.909486303650985306e+01
7.618354106511820767e+00	1.910483689586912348e+01
7.624640793714401177e+00	1.910184368742254080e+01
7.630924011194801793e+00	1.912203773922503558e+01
7.637206824008782036e+00	1.913361174591080172e+01
7.643486888431881177e+00	1.913778207629551176e+01
7.649770252267158455e+00	1.912306992358761448e+01
7.656055688002517456e+00	1.915159406971748268e+01
7.662336972406212254e+00	1.916479651147514218e+01
7.668621030174373132e+00	1.916464246143508277e+01
7.674904172423182125e+00	1.919038253512710313e+01
7.681185868823935614e+00	1.919496424961638681e+01
7.687468669594244020e+00	1.918767731354096995e+01
7.693752333388367504e+00	1.921279068959027470e+01
7.700038400744319667e+00	1.921826615835313135e+01
7.706322298047379782e+00	1.923138912574776427e+01
7.712601476149887780e+00	1.925319033175915706e+01
7.718885902294823076e+00	1.924066107218856203e+01
7.725169661516395614e+00	1.928499442924973195e+01
7.731449850985478989e+00	1.927713264285654304e+01
7.737734766249042551e+00	1.927217090505024544e+01
7.744019451218866479e+00	1.929963406098515932e+01
7.750303236717209110e+00	1.930609880951263335e+01
7.756586274104314782e+00	1.930934414304289959e+01
7.762868087901917846e+00	1.933341886916466734e+01
7.769152926825133143e+00	1.933377267730569216e+01
7.775436730160182996e+00	1.935444697712790330e+01
7.781718137142375369e+00	1.936993471548233714e+01
7.788002462111142776e+00	1.937479058082393379e+01
7.794285297862800554e+00	1.938535003271789847e+01
7.800566807565558314e+00	1.940058611590913884e+01
7.806848572755044735e+00	1.940803009722124273e+01
7.813133631936715062e+00	1.942837416687332563e+01
7.819419113578764957e+00	1.945464249536239976e+01
7.825701996186807285e+00	1.943199669127903206e+01
7.831983328875259609e+00	1.947372864251265767e+01
7.838265094604895289e+00	1.949064512546961225e+01
7.844549059228588916e+00	1.947955585533919276e+01
7.850833127743131357e+00	1.951629863797349884e+01
7.857115984933920494e+00	1.952024057143773916e+01
7.863399910795734193e+00	1.953963065207759442e+01
7.869682164092500543e+00	1.954640291434947841e+01
7.875962738185554812e+00	1.955788590923836878e+01
7.882246973491580988e+00	1.957905115567006860e+01
7.888534792635917725e+00	1.958689103757555827e+01
7.894818135342211995e+00	1.960557923870212349e+01
7.901096289521490235e+00	1.963194119641234181e+01
7.907380386239915460e+00	1.964676305612328022e+01
7.913664672638777375e+00	1.965396255290274397e+01
7.919947122097633851e+00	1.968742758178676411e+01
7.926228764113568026e+00	1.968539125435229309e+01
7.932513157525017178e+00	1.971803354562718624e+01
7.938801207428405782e+00	1.970872298982673243e+01
7.945081458991572809e+00	1.974403008052709652e+01
7.951361296757166741e+00	1.976235238759575807e+01
7.957647460209379631e+00	1.975717036522922854e+01
7.963932681973081351e+00	1.978973683147274087e+01
7.970215390448339932e+00	1.980468685048311528e+01
7.976498170251913322e+00	1.983457981392478686e+01
7.982781147240365804e+00	1.985034612983543667e+01
7.989063008099806851e+00	1.984731389107139776e+01
7.995346716683405575e+00	1.988835816954181368e+01
8.001632879562530221e+00	1.989218502418053447e+01
8.007914967394532013e+00	1.991066588585052699e+01
8.014195468092950136e+00	1.993375582607977847e+01
8.020478073511217332e+00	1.994139179311962806e+01
8.026763105056307523e+00	1.997981535127219388e+01
8.033044897304947085e+00	1.999376735852620968e+01
8.039323921724035316e+00	2.002860056021100021e+01
8.045609951867378484e+00	2.002263207197784212e+01
8.051894599614387360e+00	2.005286192677480628e+01
8.058176514256711442e+00	2.006928843998140621e+01
8.064460864477158708e+00	2.009775156183914291e+01
8.070743841165548105e+00	2.010262924236052129e+01
8.077028797190829223e+00	2.013852235145513347e+01
8.083314613164587215e+00	2.014559329481166472e+01
8.089596557034793634e+00	2.018263988690197408e+01
8.095878089907106556e+00	2.020068656026867870e+01
8.102160306420145730e+00	2.018975143133221550e+01
8.108443878967724672e+00	2.023912383891696365e+01
8.114725766477480562e+00	2.024489642155269564e+01
8.121008082180340537e+00	2.026870636036855444e+01
8.127292787010658159e+00	2.030876752448494216e+01
8.133574090054318972e+00	2.032029351003581752e+01
8.139857287797173768e+00	2.034633165273892530e+01
8.146141611342669009e+00	2.038236837995199480e+01
8.152423428481263556e+00	2.039746864032962748e+01
8.158707135724368342e+00	2.040218974366237603e+01
8.164990184530489969e+00	2.042140324129031725e+01
8.171273215012805125e+00	2.044760004888545879e+01
8.177558038081222946e+00	2.049426855192540486e+01
8.183841748786997883e+00	2.050701374957337109e+01
8.190125489797786429e+00	2.052447882637319410e+01
8.196410216388112957e+00	2.056871297602723203e+01
8.202693604588226606e+00	2.056165665445719881e+01
8.208976093697021525e+00	2.059431760304443770e+01
8.215258651912122900e+00	2.065216814458013062e+01
8.221543369155099867e+00	2.065117885521473795e+01
8.227827331972431324e+00	2.069521065632038770e+01
8.234108152235840805e+00	2.070951162824214009e+01
8.240391247968071653e+00	2.073145294840567132e+01
8.246672816581511967e+00	2.074840815131360827e+01
8.252955333846056618e+00	2.079363064099998937e+01
8.259241548831594670e+00	2.082177362428624789e+01
8.265524037430326487e+00	2.083392821843663256e+01
8.271806465655828333e+00	2.084436275105985814e+01
8.278086924180113826e+00	2.089159393122795905e+01
8.284369845465111126e+00	2.094625020103599766e+01
8.290655964059816085e+00	2.095256842851636137e+01
8.296938142528308191e+00	2.098245454286355027e+01
8.303219704392748923e+00	2.100228292466685431e+01
8.309502136031667874e+00	2.102384092161600293e+01
8.315787240362890742e+00	2.105995003243863906e+01
8.322071332879692918e+00	2.108353373088253235e+01
8.328356598130923771e+00	2.112874024080130297e+01
8.334639156616894695e+00	2.115557080769076137e+01
8.340921382264498973e+00	2.117547096429128217e+01
8.347204583082259433e+00	2.120631869591508334e+01
8.353486750751896395e+00	2.123259487920192257e+01
8.359771171286679348e+00	2.125665878019763255e+01
8.366053126768509429e+00	2.130873742669076876e+01
8.372336539814471124e+00	2.130472556119995176e+01
8.378621274042927780e+00	2.134918902270015906e+01
8.384904093141839709e+00	2.136737746156484263e+01
8.391186541563236290e+00	2.142668445234123098e+01
8.397469403753596850e+00	2.145412769745073689e+01
8.403753384347016464e+00	2.148798162849685411e+01
8.410036880028307849e+00	2.151136296266927417e+01
8.416317482081534962e+00	2.153256004187534600e+01
8.422601529235826945e+00	2.159985971799579474e+01
8.428885225582980922e+00	2.162076663666760368e+01
8.435166791521011120e+00	2.165524950674145543e+01
8.441450688155709869e+00	2.167158603733385647e+01
8.447734609498295910e+00	2.169400515515370742e+01
8.454017496124620834e+00	2.175132273121064230e+01
8.460298431179245071e+00	2.177455040878056280e+01
8.466581810391989649e+00	2.182148919828655309e+01
8.472868680567932742e+00	2.183170390679133988e+01
8.479151157159686036e+00	2.186462304625998954e+01
8.485431877760683861e+00	2.191063667512085189e+01
8.491716235447315242e+00	2.192522439485989949e+01
8.498001220227648034e+00	2.197252906212961321e+01
8.504286081117482965e+00	2.200066257931045755e+01
8.510568191756599177e+00	2.205710306916637364e+01
8.516851267110546075e+00	2.207158566067386474e+01
8.523134565881727909e+00	2.212080304864623059e+01
8.529416071816788403e+00	2.217137437266215017e+01
8.535699687417068304e+00	2.220890970753339744e+01
8.541982347253775032e+00	2.219166654160412477e+01
8.548265743328014921e+00	2.223613781573495984e+01
8.554549140313627120e+00	2.226653610436986597e+01
8.560831095779718680e+00	2.232764625428610827e+01
8.567113701935102910e+00	2.234817198901644630e+01
8.573397069149701011e+00	2.239886676071668958e+01
8.579680720510960867e+00	2.242194741681963777e+01
8.585964294224654125e+00	2.246918983483424270e+01
8.592249365354183155e+00	2.251957133166798997e+01
8.598530901888546296e+00	2.253673724852719928e+01
8.604812487072628358e+00	2.259881773139593975e+01
8.611097247905965091e+00	2.260487281049802633e+01
8.617381517293770443e+00	2.267399204543168878e+01
8.623663574760154660e+00	2.266928675651028158e+01
8.629946561598806909e+00	2.270500014425671864e+01
8.636230430672730662e+00	2.277527688217555735e+01
8.642513912170182167e+00	2.280199502215552343e+01
8.648796586484248650e+00	2.285367968654618309e+01
8.655079670389936197e+00	2.288785923452312687e+01
8.661364730839148152e+00	2.291078838118000860e+01
8.667645630823683334e+00	2.297258029088346376e+01
8.673924278649323583e+00	2.295711754905615010e+01
8.680208126714934025e+00	2.302736141345769383e+01
8.686494924425462116e+00	2.303673442745483513e+01
8.692780242517855527e+00	2.311426936298647306e+01
8.699063038049972718e+00	2.315055454545093383e+01
8.705345287599925541e+00	2.317429590359282088e+01
8.711629905759128434e+00	2.321992518949801720e+01
8.717912894052147976e+00	2.326441672867080968e+01
8.724191400092635718e+00	2.329294122792737909e+01
8.730475415823528706e+00	2.332371950606750843e+01
8.736761133212263886e+00	2.337152293989945306e+01
8.743043762806312458e+00	2.341878216376507282e+01
8.749324266780194037e+00	2.343570798759935769e+01
8.755609469013409196e+00	2.348179975806730013e+01
8.761895496630884850e+00	2.351606089849950010e+01
8.768176741996898116e+00	2.355943533037321558e+01
8.774459153728814798e+00	2.356996401606781788e+01
8.780742113267224980e+00	2.361595183485479765e+01
8.787024554097477846e+00	2.365317909014301279e+01
8.793308022722932549e+00	2.366826578328948116e+01
8.799592302898721741e+00	2.370905786215405442e+01
8.805874360502736309e+00	2.375965585631470844e+01
8.812156710614768684e+00	2.381282290636853816e+01
8.818439085845175995e+00	2.385402468881795457e+01
8.824721034413000709e+00	2.385196147358893626e+01
8.831005964666976737e+00	2.393265762938402119e+01
8.837286689012323393e+00	2.393983919306928954e+01
8.843569656417974656e+00	2.396970395733228898e+01
8.849855350255754871e+00	2.404052525169910481e+01
8.856139110900590694e+00	2.405015839860271143e+01
8.862422801910369685e+00	2.413801073884231130e+01
8.868706220796759965e+00	2.413732476504483060e+01
8.874992902583278109e+00	2.415060651382697188e+01
8.881274343425484830e+00	2.416899951456075257e+01
8.887553173507825477e+00	2.417838207038214549e+01
8.893838108526789910e+00	2.424256560392818116e+01
8.900124050708376089e+00	2.424286370111848044e+01
8.906405293028484493e+00	2.431540536952694609e+01
8.912688769452660864e+00	2.432671248816569332e+01
8.918975976703126918e+00	2.436542082417316735e+01
8.925255958459471728e+00	2.444405020304784770e+01
8.931534681309296175e+00	2.441272258966218089e+01
8.937820125634653223e+00	2.447454661320373503e+01
8.944104959688392142e+00	2.443298209362602336e+01
8.950388156131083406e+00	2.454425797072163107e+01
8.956669325603819232e+00	2.451524342359697073e+01
8.962952094273996195e+00	2.453576399431275590e+01
8.969237508951769300e+00	2.460250742398336854e+01
8.975519524666806248e+00	2.458851862686976020e+01
8.981802217613628514e+00	2.464907960771073192e+01
8.988086849003735779e+00	2.459611801419827870e+01
8.994369062603666976e+00	2.466791820514643518e+01
9.000649348680774153e+00	2.470267837811747214e+01
9.006933068814699794e+00	2.466928681483393504e+01
9.013219232003311987e+00	2.473452011174254039e+01
9.019501962164520492e+00	2.468935952860970318e+01
9.025781695593511955e+00	2.474841744179493830e+01
9.032063660195344568e+00	2.474454064443404278e+01
9.038350249760389588e+00	2.473233136152287415e+01
9.044633473536407564e+00	2.475924387996927578e+01
9.050913327417074328e+00	2.474370787718531872e+01
9.057198891500899407e+00	2.475438773528319203e+01
9.063482610321150545e+00	2.473458714088336308e+01
9.069763792752217668e+00	2.472620133684990762e+01
9.076049589004760776e+00	2.474729872777825790e+01
9.082335917401495706e+00	2.476259360685676825e+01
9.088619360527102842e+00	2.473934582807531157e+01
9.094897945485037383e+00	2.471908627253461432e+01
9.101177143467392483e+00	2.470013721365633685e+01
9.107464357754352591e+00	2.471133475657635259e+01
9.113751031730611629e+00	2.474531533751090606e+01
9.120032044690843165e+00	2.473988787435928671e+01
9.126314857753680343e+00	2.469741189877267828e+01
9.132598905868412942e+00	2.473868933393262637e+01
9.138880598123092724e+00	2.474136276385124589e+01
9.145163050822947781e+00	2.472096091522536199e+01
9.151445200826502813e+00	2.475011586321138424e+01
9.157730080283601026e+00	2.478705945322137794e+01
9.164014556573034653e+00	2.481422938808879053e+01
9.170293643276343332e+00	2.480592998791466641e+01
9.176579041613944554e+00	2.481774643279056747e+01
9.182863607602408607e+00	2.482756326806722669e+01
9.189143462571703225e+00	2.485123081161010106e+01
9.195428403462956979e+00	2.488846141092208697e+01
9.201716674479440528e+00	2.492098622596007473e+01
9.207997174208170321e+00	2.493298451283708062e+01
9.214273910922367250e+00	2.491372186761627816e+01
9.220560151957878148e+00	2.497927910524776607e+01
9.226847981614973548e+00	2.496730870910121780e+01
9.233129966105844133e+00	2.501684780149218312e+01
9.239409060280097563e+00	2.501596979745825777e+01
9.245695131341676642e+00	2.507257546023525308e+01
9.251980077444811101e+00	2.509515956391945579e+01
9.258257456601638680e+00	2.511842630176402835e+01
9.264541135022232865e+00	2.513586998083466284e+01
9.270827388743233755e+00	2.513872256914329029e+01
9.277110991521475114e+00	2.517174398237524002e+01
9.283392939219490714e+00	2.526340592773357940e+01
9.289674452524032233e+00	2.521675458804663705e+01
9.295958764189620638e+00	2.527562472906252822e+01
9.302241557676218520e+00	2.526763806997936967e+01
9.308523431749167187e+00	2.528009940940211209e+01
9.314808386490300407e+00	2.541340967030837206e+01
9.321093032320304061e+00	2.537569636636021997e+01
9.327375572875492793e+00	2.540991953999709096e+01
9.333656118655754952e+00	2.546840815762000432e+01
9.339943508463385058e+00	2.543598761103162431e+01
9.346230951211012439e+00	2.552270324160839010e+01
9.352505450344057891e+00	2.548661597269618895e+01
9.358786872642431476e+00	2.557374876083963500e+01
9.365077648132423604e+00	2.555618878410918882e+01
9.371359241704944054e+00	2.564328458032844793e+01
9.377636503253658162e+00	2.565794052058996400e+01
9.383924869935864166e+00	2.567597077996405019e+01
9.390209907386958932e+00	2.572855580219549765e+01
9.396486992041026554e+00	2.579647566451627938e+01
9.402769449631632526e+00	2.582727301629153516e+01
9.409056415820334252e+00	2.583823548319121244e+01
9.415340595011077340e+00	2.587130850357976897e+01
9.421621055810739165e+00	2.597572862803798444e+01
9.427903688559604589e+00	2.597516710605643908e+01
9.434187771973334691e+00	2.595118486322112261e+01
9.440473958772825469e+00	2.604021078197876804e+01
9.446755418166340235e+00	2.609890597024740799e+01
9.453036588497036874e+00	2.613973930898916365e+01
9.459322506147657350e+00	2.617337792143208830e+01
9.465606677679163639e+00	2.623252998676595382e+01
9.471881943933329495e+00	2.624716420195598232e+01
9.478164221314248294e+00	2.621503107009242584e+01
9.484455619629198253e+00	2.634536964215604371e+01
9.490734189931204767e+00	2.634051747162876467e+01
9.497012295374750224e+00	2.637220857683322706e+01
9.503301411329282189e+00	2.648287854529309371e+01
9.509588847022524050e+00	2.647750805706763089e+01
9.515864206049187146e+00	2.652679578221820123e+01
9.522145857802790658e+00	2.650965206296802990e+01
9.528436543675178783e+00	2.660862789125246408e+01
9.534718027173804344e+00	2.666791786718671275e+01
9.540996693059224043e+00	2.668833990338329087e+01
9.547284972935353053e+00	2.673320688490803576e+01
9.553571109296218111e+00	2.675318490581431519e+01
9.559848507894500358e+00	2.683922292444861313e+01
9.566129871887511626e+00	2.686908612479285452e+01
9.572414811356138031e+00	2.694043296378921326e+01
9.578701827474947805e+00	2.699338692206513812e+01
9.584987124691037863e+00	2.706061151581479507e+01
9.591269246845481433e+00	2.708856128330555890e+01
9.597554131840128733e+00	2.712870977295590080e+01
9.603839552722680750e+00	2.718673395293426864e+01
9.610118407503220439e+00	2.723249821445085317e+01
9.616398327983215921e+00	2.732353265564476175e+01
9.622689870340115803e+00	2.735393418512754593e+01
9.628974014422794880e+00	2.741773139779467883e+01
9.635248671561321032e+00	2.749435091669643327e+01
9.641531640672370784e+00	2.746286694992296162e+01
9.647824178406651185e+00	2.757083711556824923e+01
9.654108402693051261e+00	2.764090778074628929e+01
9.660382845368115312e+00	2.766665916534379832e+01
9.666669636125510223e+00	2.774114428259458975e+01
9.672959227058134601e+00	2.772933099801679901e+01
9.679237233088709758e+00	2.778612316366055524e+01
9.685517596676875840e+00	2.786703697294750981e+01
9.691808569094064296e+00	2.794581821323134108e+01
9.698091015800393677e+00	2.804546104872851942e+01
9.704367899184761725e+00	2.801139692701044481e+01
9.710653053392745093e+00	2.814926283745828073e+01
9.716941845220306462e+00	2.820155708368409364e+01
9.723223721922094498e+00	2.824713311208876121e+01
9.729498909733964140e+00	2.830825429553298989e+01
9.735781446629381719e+00	2.836984036352093952e+01
9.742072853241662500e+00	2.841854711196950589e+01
9.748356853126237453e+00	2.852801430162733709e+01
9.754634052403879707e+00	2.860865684838856282e+01
9.760920255415616253e+00	2.860108855946113238e+01
9.767206883986352395e+00	2.874825989333882958e+01
9.773484933604347447e+00	2.886751451576358818e+01
9.779763555150319476e+00	2.883062634248980416e+01
9.786055106828285943e+00	2.888583864205736873e+01
9.792342428316398895e+00	2.890483673999605330e+01
9.798610445888090936e+00	2.901184300614799838e+01
9.804892361593729788e+00	2.907128744175234658e+01
9.811190390173765152e+00	2.917036534225194444e+01
9.817468231959420422e+00	2.920482390875006118e+01
9.823743425312491340e+00	2.925295171507401548e+01
9.830031682971386076e+00	2.937720238448543242e+01
9.836321298649451705e+00	2.942737592396748880e+01
9.842600043390230979e+00	2.949933333988035145e+01
9.848875728768147653e+00	2.962063056833695640e+01
9.855170855218291948e+00	2.971681827160870881e+01
9.861456906563098812e+00	2.975304442657195025e+01
9.867728354478332520e+00	2.991964229817674337e+01
9.874011709311590224e+00	2.990152012498371192e+01
9.880301663147355029e+00	2.997344860746336082e+01
9.886590533907439138e+00	2.999327143215852587e+01
9.892866700094614885e+00	3.021328190831568961e+01
9.899144430913676018e+00	3.024953221872035769e+01
9.905438816521161982e+00	3.028111244630545329e+01
9.911723575421152788e+00	3.040534359291407540e+01
9.917994008831332309e+00	3.042835339543550788e+01
9.924274921567441510e+00	3.055523625017789158e+01
9.930568638907402601e+00	3.061478912020486476e+01
9.936846303630899158e+00	3.068970700333400359e+01
9.943118101294825095e+00	3.070555926866787289e+01
9.949415283925871378e+00	3.089725081917246641e+01
9.955707881913745894e+00	3.091206778171121883e+01
9.961974067123655630e+00	3.093166887634038176e+01
9.968254558268599297e+00	3.121336870347812109e+01
9.974553231913906970e+00	3.120208811559663076e+01
9.980833133924589262e+00	3.127482711746441169e+01
9.987102282494817018e+00	3.123731222825641041e+01
9.993393902738455736e+00	3.148352921160748252e+01
9.999692817525280830e+00	3.163798278429540289e+01
1.000596854756208920e+01	3.159763761123084436e+01
1.001224038789427517e+01	3.173213614271387328e+01
1.001852801819329919e+01	3.175132275551333549e+01
1.002481858863210995e+01	3.194901646792824579e+01
1.003109484888453373e+01	3.196768428535014550e+01
1.003737215349724288e+01	3.214090686071708092e+01
1.004366637745788005e+01	3.225802590687705163e+01
1.004994883629585445e+01	3.225286442095988093e+01
1.005621478997705509e+01	3.240049010854367140e+01
1.006250104919678279e+01	3.254439383510820960e+01
1.006879939742143470e+01	3.259313590923620296e+01
1.007508264396396136e+01	3.264467019853432106e+01
1.008135087680505215e+01	3.280535011300347037e+01
1.008763886708383239e+01	3.289990981712836060e+01
1.009393937405365627e+01	3.305636678774217785e+01
1.010021150373150256e+01	3.315221863842135974e+01
1.010648493192219632e+01	3.322210571746158791e+01
1.011278084047214954e+01	3.335018802890338208e+01
1.011907194031537571e+01	3.343634425918944686e+01
1.012533776532876750e+01	3.351298452758874902e+01
1.013161232847722992e+01	3.366118711372180172e+01
1.013791661424357038e+01	3.374697082575074347e+01
1.014420200905213143e+01	3.402999474457735829e+01
1.015046687668919212e+01	3.400038433708263597e+01
1.015675335004783975e+01	3.411857392705442749e+01
1.016305180707172440e+01	3.421846441068528577e+01
1.016933288723103779e+01	3.434904259777582780e+01
1.017559322163447533e+01	3.442525122334583898e+01
1.018188263973497598e+01	3.449393953151823666e+01
1.018818462351335086e+01	3.463990642901657679e+01
1.019446022402827623e+01	3.478137398514155620e+01
1.020073440978150003e+01	3.499653408776524088e+01
1.020702445909205380e+01	3.506742086208380016e+01
1.021331952500439400e+01	3.515053357681784973e+01
1.021958671368229687e+01	3.524091059287725614e+01
1.022585959071042438e+01	3.529471270087457668e+01
1.023216078805148932e+01	3.551241786835062442e+01
1.023844721466203644e+01	3.563625007339555850e+01
1.024470767864434961e+01	3.583366485843986737e+01
1.025099505539648170e+01	3.586326843487258031e+01
1.025730733425145580e+01	3.615976613766608949e+01
1.026358336173076502e+01	3.627167321098603026e+01
1.026984388785810332e+01	3.618235235639704683e+01
1.027613631564942587e+01	3.655465466105621886e+01
1.028243587519958346e+01	3.667034148870471455e+01
1.028870896945411673e+01	3.683027724847265461e+01
1.029498314288538019e+01	3.674490064284382385e+01
1.030128282535155115e+01	3.692611305290061097e+01
1.030756738452489429e+01	3.713972365733782510e+01
1.031382659969945692e+01	3.713867038449903646e+01
1.032011060341650577e+01	3.744367410911187477e+01
1.032641951829780602e+01	3.750443152453581774e+01
1.033269447140239627e+01	3.768979386868362269e+01
1.033894861215672734e+01	3.780584695388984784e+01
1.034524278764900629e+01	3.793897425568324877e+01
1.035155602436187472e+01	3.818473281842749145e+01
1.035783079925880301e+01	3.840088663649850531e+01
1.036408837210594136e+01	3.855793795904046561e+01
1.037038567882211204e+01	3.848046796079623988e+01
1.037668374383073377e+01	3.872105613743761410e+01
1.038294164673790654e+01	3.905448392301050120e+01
1.038921391781886783e+01	3.903605225550961677e+01
1.039552602165532491e+01	3.942556727719455978e+01
1.040181562406903382e+01	3.911301397673138069e+01
1.040806293735107957e+01	3.965577814630611897e+01
1.041435047618879572e+01	3.976584726971559292e+01
1.042067634799251685e+01	4.005351133970214761e+01
1.042694215634925925e+01	4.027345653444522355e+01
1.043318401881286306e+01	4.037026743844212717e+01
1.043948855082008542e+01	4.047668258864248969e+01
1.044581062355610968e+01	4.037159083240907620e+01
1.045207610167351575e+01	4.084167513182482168e+01
1.045832781001367628e+01	4.095681903472777208e+01
1.046463781041550156e+01	4.095756851192908954e+01
1.047093783043239412e+01	4.135734428808950724e+01
1.047718587651094069e+01	4.160445014130721120e+01
1.048345619213379365e+01	4.175096676657557992e+01
1.048977402037291817e+01	4.189353753953119508e+01
1.049606476276574263e+01	4.202220962125934989e+01
1.050230601977907163e+01	4.217147031875586549e+01
1.050860238031635951e+01	4.230269563865643789e+01
1.051492637186126977e+01	4.262530764076584688e+01
1.052118655955101367e+01	4.262190655594506694e+01
1.052743023363973940e+01	4.297134603485763904e+01
1.053374489654675017e+01	4.336039776550877889e+01
1.054007211655948240e+01	4.338699340040921726e+01
1.054631099976861996e+01	4.357722293133781477e+01
1.055255510391774187e+01	4.378354103777724049e+01
1.055888351670039960e+01	4.406369003310503984e+01
1.056520035964497772e+01	4.436215387901660989e+01
1.057142719542206422e+01	4.451050725633763250e+01
1.057768236381507876e+01	4.441133327957793853e+01
1.058402884100487640e+01	4.482903830467184747e+01
1.059032897998636891e+01	4.486187584502268777e+01
1.059654946063380265e+01	4.531841128256014883e+01
1.060282797925513343e+01	4.555214341279348389e+01
1.060916800803564364e+01	4.540287566858413726e+01
1.061543938846006085e+01	4.599942493067472782e+01
1.062168769560748949e+01	4.613744535847037298e+01
1.062800704712603839e+01	4.614156419178122093e+01
1.063431209462751958e+01	4.649040482396627283e+01
1.064054118197020138e+01	4.679569406957617872e+01
1.064680665533413340e+01	4.705642177637089674e+01
1.065316478596251670e+01	4.736548271232222618e+01
1.065945739448221552e+01	4.761317908559438905e+01
1.066563667737803911e+01	4.800285569983225997e+01
1.067191859039424351e+01	4.759484176172176007e+01
1.067832116615977434e+01	4.849287541129030643e+01
1.068459622480901672e+01	4.862506579278201002e+01
1.069075157594403791e+01	4.806933182446737618e+01
1.069706062224354604e+01	4.899294057541508352e+01
1.070345808956981948e+01	4.942442870640545749e+01
1.070970429909870525e+01	4.949006221264109229e+01
1.071588348284037195e+01	4.973068129590678410e+01
1.072222133434452296e+01	4.978091667353511696e+01
1.072859641491454319e+01	5.032606831779305168e+01
1.073481863265745062e+01	5.029791823852053056e+01
1.074102563423319978e+01	5.086055269181903071e+01
1.074738972637258527e+01	5.125226368376267061e+01
1.075371249573308852e+01	5.122047762990011677e+01
1.075987216338496921e+01	5.175918922291029389e+01
1.076614031158894313e+01	5.184393416820713441e+01
1.077254632457181671e+01	5.202115307360637075e+01
1.077881438972832839e+01	5.237206570694435470e+01
1.078499949489983578e+01	5.291802566141364395e+01
1.079134233733631021e+01	5.282092423621716648e+01
1.079770517481290604e+01	5.308088298306100938e+01
1.080388328717726587e+01	5.387838847532347586e+01
1.081011799164291531e+01	5.416842238236959872e+01
1.081654786684822867e+01	5.463472627080780342e+01
1.082285450199122678e+01	5.474315218583937082e+01
1.082893417719794371e+01	5.500453685948325244e+01
1.083522587629008704e+01	5.458419767069337780e+01
1.084175590630461983e+01	5.553434504287944407e+01
1.084799670760992818e+01	5.576064607340217094e+01
1.085394914850887815e+01	5.609776056797175414e+01
1.086034877471269589e+01	5.664973107009915054e+01
1.086698202512956790e+01	5.671903487212178163e+01
1.087310773518380635e+01	5.596048297425074480e+01
1.087904382953891869e+01	5.698497117416383162e+01
1.088555916689338154e+01	5.791948222472630192e+01
1.089219340930724833e+01	5.807770583267019759e+01
1.089817969370982631e+01	5.882550942452831322e+01
1.090412769205888210e+01	5.849968319273072836e+01
1.091078163602521478e+01	5.946514732617378485e+01
1.091738147428423567e+01	5.904348273936800950e+01
1.092309975356171314e+01	5.898615607665438176e+01
1.092916887324567554e+01	6.032728414795123939e+01
1.093602857785265137e+01	6.024936029777033752e+01
1.094257992015948489e+01	6.032136254069746428e+01
1.094803646140140607e+01	6.101953980750658957e+01
1.095428632258938784e+01	6.073601212370540026e+01
1.096130282607238193e+01	6.157764278411477932e+01
1.096775134358824921e+01	6.254210161841815818e+01
1.097306635421245424e+01	6.212086747763886052e+01
1.097950335149556444e+01	6.258897162312343454e+01
1.098659652938897402e+01	6.429738123570176356e+01
1.099285524646089485e+01	6.528269541742632498e+01
1.099803569071832676e+01	6.426908057252100548e+01
1.100471849844366012e+01	6.322892705401793023e+01
1.101186310281999958e+01	6.476827218013720255e+01
1.101755638552690364e+01	6.361340491951214915e+01
1.102286403690671435e+01	6.501795208701857121e+01
1.102995406887630736e+01	6.586247845661667100e+01
1.103714089626372896e+01	6.637821610015879514e+01
1.104257242104547210e+01	6.770023271095074335e+01
1.104799438413526325e+01	6.718534987348371601e+01
1.105521352169637517e+01	6.936583683855279503e+01
1.106243065874874176e+01	6.860787117466645668e+01
1.106792535885984385e+01	7.006352119008107593e+01
1.107326696585514192e+01	7.120291297388487806e+01
1.108048955652415302e+01	7.392232621736256704e+01
1.108770521493303107e+01	6.839647900556936122e+01
1.109323045997397905e+01	6.949558663612150156e+01
1.109854191454795647e+01	6.942160875427330780e+01
1.110575628689127470e+01	7.056336728776888378e+01
1.111136021210266378e+01	6.755933720810909904e+01
1.111655597883855506e+01	7.547364681797307639e+01
1.112372031646351722e+01	7.770932786764268485e+01
1.113080361981650768e+01	7.756253068800830874e+01
1.113673045965422226e+01	5.500827494343197088e+01
1.114126348074124628e+01	8.713690711235138053e+01
