8.899641224696953554e-03	1.326911835269460971e+04
1.507912216506557788e-02	3.465936406138735765e+04
2.144790186456836667e-02	2.598539145538875891e+04
2.783660776489276650e-02	2.039485682208688013e+04
3.435099785803411021e-02	1.896097558008416672e+04
4.047886761425745911e-02	1.512139043774186939e+04
4.676716683575679601e-02	1.361125810923669815e+04
5.308225101765951665e-02	1.278640211271908083e+04
5.945362440940590160e-02	1.055518538892075048e+04
6.576224814588792211e-02	9.675650607954235966e+03
7.196632906698736953e-02	9.544851185858635290e+03
7.827860915688347743e-02	8.438447519356986959e+03
8.470398945834539672e-02	7.735758690182206919e+03
9.096854620527369817e-02	6.403756074773975342e+03
9.720789776830213169e-02	6.011968576711908099e+03
1.034763038959366499e-01	5.462649083840691674e+03
1.097576444254559219e-01	4.978064324568271331e+03
1.160543084780093354e-01	4.783674068449038714e+03
1.223669666537485351e-01	4.515181929088224933e+03
1.286817263090294094e-01	4.256922679021049589e+03
1.349500801664080818e-01	4.061560088131012435e+03
1.411949558842147678e-01	3.855667616068028110e+03
1.475133575747468451e-01	3.608692519553717375e+03
1.537865074252268427e-01	3.332281743373403970e+03
1.600657544051110326e-01	3.137013562808022016e+03
1.663991168687080635e-01	2.883093664753041139e+03
1.727195645776442856e-01	2.786488664272691494e+03
1.789765213377084718e-01	2.694832722868730798e+03
1.852353690647852158e-01	2.636133636037930955e+03
1.914806787341157279e-01	2.489478647877067942e+03
1.977889868651535599e-01	2.367227422401174863e+03
2.040937735447724277e-01	2.307644325464388658e+03
2.103939302609846018e-01	2.169279759430622107e+03
2.166909709822301688e-01	2.080780367670219221e+03
2.229700281216152047e-01	1.998185938729074905e+03
2.292620027086341994e-01	1.906558858832544274e+03
2.355141508366812297e-01	1.860297732799676169e+03
2.417910583817859116e-01	1.850718002920564231e+03
2.480856539439619257e-01	1.727565740597903414e+03
2.543492256872954549e-01	1.706156359738920855e+03
2.606334251884805386e-01	1.629476656029219612e+03
2.669257370896960802e-01	1.607736932609101132e+03
2.732423343141155980e-01	1.577051125063172776e+03
2.795529680084415936e-01	1.503598103344880883e+03
2.858366292314493129e-01	1.474524478845112526e+03
2.920876271394311496e-01	1.437435180519104961e+03
2.983449844439822751e-01	1.389115626030934891e+03
3.046382639407197446e-01	1.358099766095789164e+03
3.109279127003197196e-01	1.325062189092391236e+03
3.172168171618398036e-01	1.304714103025567510e+03
3.235187567944423082e-01	1.260870074712440328e+03
3.298168217550395687e-01	1.244082319653456125e+03
3.361176429457156667e-01	1.203868731503867593e+03
3.423700375709273769e-01	1.169756568379295913e+03
3.486478192666269682e-01	1.144425516465033752e+03
3.549411614411318028e-01	1.138699930752077080e+03
3.611916935421040642e-01	1.110887296034640485e+03
3.674767089563572564e-01	1.105221371370902034e+03
3.737647795277591056e-01	1.066562133840730894e+03
3.800654031475132477e-01	1.058620093008113145e+03
3.863539861259823738e-01	1.038124901433802506e+03
3.926140181364449755e-01	1.014061212853863935e+03
3.989264500321934581e-01	9.919970315170571666e+02
4.052073244576828714e-01	9.758355688436347464e+02
4.114916477570477182e-01	9.766512577578787386e+02
4.177814272116491257e-01	9.574709672051087637e+02
4.240400648725131116e-01	9.355887446254397446e+02
4.303425690270192283e-01	9.228999397564110723e+02
4.366358560255625965e-01	9.168572372788659095e+02
4.428996183220763605e-01	8.884044898868542077e+02
4.491634418529859563e-01	8.888317963606506282e+02
4.554414146254732731e-01	8.644797540173027528e+02
4.617634470301058558e-01	8.533641706171522401e+02
4.680644242023710433e-01	8.372329044329723047e+02
4.743485242764365895e-01	8.277149567419735376e+02
4.806356136815400082e-01	8.213487550031215960e+02
4.869019258388697646e-01	8.111260505544032640e+02
4.931697099599955947e-01	7.970840011762408039e+02
4.994506747144535908e-01	7.929655921379393249e+02
5.057159051335421429e-01	7.828447182776141062e+02
5.119923996268095356e-01	7.679820898073513717e+02
5.183126097768406826e-01	7.590757850685751009e+02
5.246089638029100000e-01	7.512706924537459372e+02
5.308757308483337267e-01	7.398575218776826432e+02
5.371573527946726934e-01	7.300028573620156749e+02
5.434579563783791256e-01	7.238000916121936825e+02
5.497430652392217842e-01	7.219211577086530269e+02
5.559937427501778773e-01	7.079415214241499825e+02
5.622854676609657654e-01	7.078777397313584743e+02
5.686011537227265711e-01	6.962995965057216381e+02
5.748804589422079614e-01	6.885152920468043476e+02
5.811550210340560296e-01	6.799956199219304835e+02
5.874394496660968468e-01	6.725751066959549007e+02
5.937176220296899176e-01	6.671050297490929779e+02
5.999971954793682505e-01	6.584968741455862755e+02
6.062679115124277596e-01	6.496409216354583123e+02
6.125469576444534381e-01	6.474669453788146711e+02
6.188477733041515272e-01	6.383438776903607277e+02
6.251310567437898813e-01	6.360161168904401165e+02
6.314027450383210560e-01	6.249616491160818441e+02
6.377003562732055375e-01	6.218629658856850710e+02
6.439857783314556494e-01	6.164207661364346222e+02
6.502685417166111925e-01	6.097567649080293677e+02
6.565586117699038216e-01	6.031193830814686407e+02
6.628369282359254377e-01	5.930291766755044591e+02
6.691185444962194362e-01	5.918625551515310690e+02
6.754070198575605755e-01	5.868159001696452606e+02
6.816835514593204692e-01	5.856487620519503707e+02
6.879592533861698112e-01	5.747812426858654362e+02
6.942344317039531587e-01	5.730079728529618706e+02
7.005175402434737908e-01	5.656457564157474280e+02
7.068124956608716758e-01	5.643746443612927806e+02
7.131019009674921527e-01	5.587786905504628976e+02
7.193918251171427247e-01	5.526992846221540958e+02
7.256833807598113140e-01	5.499322229982761883e+02
7.319652682709349989e-01	5.405490398625701118e+02
7.382507990484923344e-01	5.397662004922246979e+02
7.445265842115937893e-01	5.336530817292415350e+02
7.507871101942712455e-01	5.305619843570518697e+02
7.570758465316046459e-01	5.264666627361617657e+02
7.633641233600957365e-01	5.261890338981639843e+02
7.696462959862266917e-01	5.173180437702401377e+02
7.759394865175414102e-01	5.198148211807199459e+02
7.822329141989586843e-01	5.121798062604390225e+02
7.885314936520240181e-01	5.052185142461410692e+02
7.947896566979522071e-01	5.036851606736663598e+02
8.010491096592354809e-01	4.992591220496900064e+02
8.073364061727361651e-01	4.930796094564961436e+02
8.136229488373866170e-01	4.944253576633656735e+02
8.199152998961036776e-01	4.877264286213448941e+02
8.261952636392789762e-01	4.855362409085984723e+02
8.324897070080405914e-01	4.830022095313658497e+02
8.387959309210778480e-01	4.777223921324669504e+02
8.450634639703045181e-01	4.742216378237222898e+02
8.513282867562648182e-01	4.704864953517622439e+02
8.576198263902009566e-01	4.694210840964747717e+02
8.639058477062415697e-01	4.645828134607295397e+02
8.701838745487597837e-01	4.640932312357672913e+02
8.764641096075268534e-01	4.586287347304116793e+02
8.827503873399735745e-01	4.557306737224945437e+02
8.890332768393869323e-01	4.506109978481218832e+02
8.953084247113127780e-01	4.485060950148414918e+02
9.015956521667095602e-01	4.462226445795176346e+02
9.078833328094829680e-01	4.434259435725667799e+02
9.141744106319863450e-01	4.388359197761176347e+02
9.204630817717615043e-01	4.356418869520045973e+02
9.267434415264711456e-01	4.347652980442834973e+02
9.330324197354928906e-01	4.325428255668632573e+02
9.393265785573878812e-01	4.283143469516450068e+02
9.455974810398196650e-01	4.258967870583215927e+02
9.518660018545171964e-01	4.240418428046266399e+02
9.581413255531838757e-01	4.202173805620450935e+02
9.644350945109106954e-01	4.176477589810587574e+02
9.707355633568249820e-01	4.141260029392769866e+02
9.770080768450029041e-01	4.123195507873097085e+02
9.832823325363413414e-01	4.092589599348431193e+02
9.895569691966674686e-01	4.064799842596285089e+02
9.958456301921106979e-01	4.056411551673946860e+02
1.002136210743837408e+00	4.007705889237781776e+02
1.008404825335135424e+00	3.988817311307266209e+02
1.014694149836243398e+00	3.944649670623226143e+02
1.020992555437297167e+00	3.942134792511004093e+02
1.027273980437394485e+00	3.921780841995188780e+02
1.033559181896017254e+00	3.894165009245051579e+02
1.039847557392594934e+00	3.865166572872736310e+02
1.046126974943305088e+00	3.852386190861876685e+02
1.052403436811028659e+00	3.843663468708284654e+02
1.058680704651608684e+00	3.810947646826914479e+02
1.064964333065789193e+00	3.773230876099295870e+02
1.071256777440835473e+00	3.772787496154044788e+02
1.077544048801078125e+00	3.710923110325435346e+02
1.083824820188043603e+00	3.701367275304747864e+02
1.090108023942816695e+00	3.682186916038809841e+02
1.096389665956643222e+00	3.676585447388670786e+02
1.102681132058841440e+00	3.642029945811051448e+02
1.108963047594879958e+00	3.625550661645511354e+02
1.115225428463759272e+00	3.597467305893903813e+02
1.121502127614767863e+00	3.580587331000331801e+02
1.127792573824792033e+00	3.558759155273977512e+02
1.134089552668382961e+00	3.546628647643661907e+02
1.140364049650405942e+00	3.535462717793599836e+02
1.146639180320979445e+00	3.491542731700086506e+02
1.152942412991649901e+00	3.461938358463855820e+02
1.159228906751078814e+00	3.470796739576989012e+02
1.165508721887268173e+00	3.457784653908639712e+02
1.171793076256210320e+00	3.432916941529571204e+02
1.178087436369658958e+00	3.410717913665953915e+02
1.184367654251526902e+00	3.382544368166479103e+02
1.190634642299266632e+00	3.370926160264543796e+02
1.196912208834400859e+00	3.337379053630824046e+02
1.203201577354146234e+00	3.333863599593436788e+02
1.209486844441705733e+00	3.316883746106619242e+02
1.215763902074809888e+00	3.294270783322431271e+02
1.222049755171146668e+00	3.261699495840108511e+02
1.228340616621486969e+00	3.259465030888439401e+02
1.234632986576932767e+00	3.229423318436429895e+02
1.240902247176856488e+00	3.230136330402446561e+02
1.247174839144687519e+00	3.203953747635725904e+02
1.253465459933442272e+00	3.184585549214886555e+02
1.259749951892178421e+00	3.156223180863698303e+02
1.266032143127253873e+00	3.140994526778669069e+02
1.272316288472006507e+00	3.126056175169464382e+02
1.278604155058621350e+00	3.118690794102087693e+02
1.284886588933593865e+00	3.102556510022062071e+02
1.291175420066583257e+00	3.083683769050246610e+02
1.297465726373772332e+00	3.062645486393830652e+02
1.303741827011944299e+00	3.053740083440392823e+02
1.310017322922761851e+00	3.032814522305922083e+02
1.316301447662886703e+00	3.017657539807565286e+02
1.322586760363303249e+00	3.003910344814386235e+02
1.328865492452874664e+00	2.985896559777614243e+02
1.335144804954555564e+00	2.970768217213034745e+02
1.341440516272275119e+00	2.947494638198105577e+02
1.347730868417094552e+00	2.938656540398536094e+02
1.354001589994877630e+00	2.926760717657243163e+02
1.360282609297778444e+00	2.907005584049247773e+02
1.366565686457597906e+00	2.904228546364613521e+02
1.372851498482432708e+00	2.877566091669464754e+02
1.379135372929401804e+00	2.862187867518907183e+02
1.385409567149057164e+00	2.850020558163641908e+02
1.391698641219299315e+00	2.832204588880828737e+02
1.397984451439470810e+00	2.825113456269033350e+02
1.404267883409181961e+00	2.815495320555426702e+02
1.410554779484869181e+00	2.781460793101117588e+02
1.416837833547465397e+00	2.772426821058009523e+02
1.423118177187137068e+00	2.768178505501892914e+02
1.429397801164240089e+00	2.737536571400896150e+02
1.435686921822787232e+00	2.726590189118382455e+02
1.441977121769299597e+00	2.720265249249393378e+02
1.448253667853332427e+00	2.705422256954578302e+02
1.454532348972172651e+00	2.693116911905913184e+02
1.460819319151879903e+00	2.673608798201890409e+02
1.467110364402026468e+00	2.659810671723001292e+02
1.473392908948962132e+00	2.644482777047131776e+02
1.479669965243598950e+00	2.636789187940710804e+02
1.485956144602843532e+00	2.623010842512741760e+02
1.492233610763115115e+00	2.605127472727878626e+02
1.498502470379980078e+00	2.588911892270945714e+02
1.504785752051182701e+00	2.579283036214657727e+02
1.511075991894575976e+00	2.568181182130602451e+02
1.517361634985162189e+00	2.556330086099570735e+02
1.523648570969130533e+00	2.544234233592937926e+02
1.529938035715892264e+00	2.539390836976556329e+02
1.536230176913891965e+00	2.518663196369814727e+02
1.542510718779388279e+00	2.510367203647437293e+02
1.548783963082980275e+00	2.495521431182637855e+02
1.555073069779651318e+00	2.474267390448026447e+02
1.561357324927233892e+00	2.475025628186891993e+02
1.567629121053141006e+00	2.462442607128117515e+02
1.573913697404382583e+00	2.446742675052697678e+02
1.580203545230874029e+00	2.442617541827515311e+02
1.586485393434537983e+00	2.428888984123136652e+02
1.592760014263005841e+00	2.411386861924267748e+02
1.599046436394670812e+00	2.398201646186916491e+02
1.605342136637478934e+00	2.386224824608811161e+02
1.611619860919608627e+00	2.382767955643510049e+02
1.617897597081673799e+00	2.366202991433167142e+02
1.624183235481122756e+00	2.363221063095051591e+02
1.630464598531913722e+00	2.345862910669599728e+02
1.636748985747638274e+00	2.335048822612148172e+02
1.643030923698886259e+00	2.319399851947322588e+02
1.649309176648513064e+00	2.312095414698990510e+02
1.655593633940351861e+00	2.299205030357341855e+02
1.661879571405086464e+00	2.286307287684515472e+02
1.668169361685170271e+00	2.272931787759609676e+02
1.674450151530487485e+00	2.269509499702828634e+02
1.680722718978495900e+00	2.250837794982446098e+02
1.687013891340952476e+00	2.248469943572247303e+02
1.693308984907921033e+00	2.236191180190028547e+02
1.699582147428448486e+00	2.221220771116485082e+02
1.705863747055134105e+00	2.207185015756764415e+02
1.712154434283889470e+00	2.202918649036933516e+02
1.718438381579399321e+00	2.192643231073616050e+02
1.724721264464063930e+00	2.183147879998566054e+02
1.730997441276920679e+00	2.167348317002280851e+02
1.737287073528269499e+00	2.160624725950103198e+02
1.743567991878527401e+00	2.158861947222167998e+02
1.749840680212231048e+00	2.140109026490392807e+02
1.756128549091961144e+00	2.134556751852455534e+02
1.762413535324792502e+00	2.124806083404968717e+02
1.768696187669963837e+00	2.115039160620207781e+02
1.774979359379055266e+00	2.109992458648210061e+02
1.781265555576432957e+00	2.097669961812276540e+02
1.787549427830244619e+00	2.087037136688007877e+02
1.793834120011633004e+00	2.074239822365047416e+02
1.800115051552487300e+00	2.067271215824798958e+02
1.806393904854530330e+00	2.059824013034635755e+02
1.812674089667083432e+00	2.044818769032070236e+02
1.818956920109354058e+00	2.037632233392001240e+02
1.825244164118212220e+00	2.030089753464334024e+02
1.831527256642196955e+00	2.020766129533359390e+02
1.837811294935716599e+00	2.011178218835162568e+02
1.844100717411196744e+00	2.002151868991174695e+02
1.850384816792487230e+00	1.995260304112563858e+02
1.856666059735203822e+00	1.984638363517572373e+02
1.862947728675613979e+00	1.976239125077154881e+02
1.869229324466858078e+00	1.965032433408489680e+02
1.875517616802973686e+00	1.955124044698366674e+02
1.881800769033795229e+00	1.946206336736350409e+02
1.888078863416442710e+00	1.940730262318276402e+02
1.894353975182237582e+00	1.933473726486428745e+02
1.900642716154182565e+00	1.925346657429131199e+02
1.906933494748685121e+00	1.914539210956722002e+02
1.913207568676573933e+00	1.903439899629704257e+02
1.919490884732178992e+00	1.898043246957093970e+02
1.925776855684274480e+00	1.888511751162999985e+02
1.932064452961978152e+00	1.882715715660639262e+02
1.938342610030488800e+00	1.872739141150462387e+02
1.944618341543410178e+00	1.867647371845776831e+02
1.950906260203513876e+00	1.858418785228953709e+02
1.957194556613796488e+00	1.850442190665493740e+02
1.963479614559011432e+00	1.840542116470407166e+02
1.969760361532916226e+00	1.833316492459127005e+02
1.976048367034604736e+00	1.824922642179800221e+02
1.982337990217652335e+00	1.817143406793125280e+02
1.988617489259562721e+00	1.807443739831151959e+02
1.994896320665194178e+00	1.795920351371961203e+02
2.001179596222827151e+00	1.793734763999006816e+02
2.007459756923499761e+00	1.785493516478426272e+02
2.013737397779169935e+00	1.782743034751423465e+02
2.020017234677497164e+00	1.771020831873334487e+02
2.026310251015072783e+00	1.765150114970538482e+02
2.032600542948020284e+00	1.753149362327277743e+02
2.038873863192099289e+00	1.748630335588053413e+02
2.045154087821675404e+00	1.737980222172873255e+02
2.051444704514288730e+00	1.732908609096200792e+02
2.057730430280644729e+00	1.724455577008278624e+02
2.064013940455224461e+00	1.719786305591635198e+02
2.070299891179459895e+00	1.718389295492132192e+02
2.076589719964883951e+00	1.706937077755873418e+02
2.082865483794470673e+00	1.700784493540222684e+02
2.089134494859368640e+00	1.692003779293675336e+02
2.095424211360070288e+00	1.683862092455983372e+02
2.101707116664804254e+00	1.674090267661565576e+02
2.107986473933564309e+00	1.669021750326069764e+02
2.114271806543862375e+00	1.659401576471164219e+02
2.120552717288892275e+00	1.662395535479732587e+02
2.126836933207161717e+00	1.647960202201088009e+02
2.133122044791171845e+00	1.639286933513224938e+02
2.139411711910842673e+00	1.642279848883261479e+02
2.145697076775292089e+00	1.628145269644087136e+02
2.151973548606471276e+00	1.623339722618993903e+02
2.158259913555724108e+00	1.618268634400104986e+02
2.164545396699105506e+00	1.608488885355176023e+02
2.170830700377734068e+00	1.604828290314429466e+02
2.177114138849150393e+00	1.596671075850271961e+02
2.183387647576827018e+00	1.589193800836233379e+02
2.189670273687676971e+00	1.583557021986788129e+02
2.195960147934207463e+00	1.576533472306946067e+02
2.202242556317716371e+00	1.574276783216176057e+02
2.208521655981037668e+00	1.567200657996394284e+02
2.214804637081333016e+00	1.558591406918882001e+02
2.221092583349425276e+00	1.554082700554016299e+02
2.227372893591468728e+00	1.546470237370008931e+02
2.233657161144248171e+00	1.542945216561739983e+02
2.239943485394438660e+00	1.535899563991501395e+02
2.246224175264620815e+00	1.529778302942555683e+02
2.252506378421252009e+00	1.522287464186209149e+02
2.258783417054270437e+00	1.517843375614067156e+02
2.265069077371457684e+00	1.513821451889663194e+02
2.271350377044131452e+00	1.506551621078152721e+02
2.277633995145353918e+00	1.501469004331930535e+02
2.283922419579920149e+00	1.493673010636036054e+02
2.290202874392252674e+00	1.490523651018081353e+02
2.296490779970905560e+00	1.484787112483980422e+02
2.302771769934229162e+00	1.477581118386752053e+02
2.309051364164305564e+00	1.471641571536264053e+02
2.315338502539088239e+00	1.468448326744573080e+02
2.321627336503874428e+00	1.462684655406140166e+02
2.327911878297218795e+00	1.456206692333120714e+02
2.334186238580297168e+00	1.452501195172509938e+02
2.340467971862688401e+00	1.443812184100451930e+02
2.346756940970738725e+00	1.442626193143691751e+02
2.353044444556199988e+00	1.434996894405465184e+02
2.359327653314069906e+00	1.431832188439190645e+02
2.365603048789861607e+00	1.424655300507336619e+02
2.371885911737665165e+00	1.418832369657015704e+02
2.378173303594019572e+00	1.411319694180316162e+02
2.384454016539381271e+00	1.407822594860500374e+02
2.390736447344785187e+00	1.405115941147784042e+02
2.397014133897952259e+00	1.399078954810747746e+02
2.403295490074321972e+00	1.396181572129864890e+02
2.409585049672506862e+00	1.388433611921627744e+02
2.415871703165322071e+00	1.383002586864594150e+02
2.422160652369088840e+00	1.379062137746179530e+02
2.428440167222748691e+00	1.372526311305614684e+02
2.434717472383889803e+00	1.369465823212855184e+02
2.441002456202044257e+00	1.366180238321175011e+02
2.447289980304530488e+00	1.360708997362475543e+02
2.453571844729242279e+00	1.356594680645081894e+02
2.459852705114058846e+00	1.350405162273331712e+02
2.466139233225018934e+00	1.345783186013901798e+02
2.472421963421291391e+00	1.341154829169650213e+02
2.478698519174224568e+00	1.335555933449315091e+02
2.484980841400355800e+00	1.332608189764667657e+02
2.491269319409339822e+00	1.326637431468660679e+02
2.497548505139029373e+00	1.325289449150390055e+02
2.503831667172610853e+00	1.318935199680482810e+02
2.510117938323931153e+00	1.315625966300586356e+02
2.516400733681277480e+00	1.312242988098530816e+02
2.522688226833368130e+00	1.307140142251754753e+02
2.528971695852665569e+00	1.303709171236347117e+02
2.535252039407670299e+00	1.299319876101263560e+02
2.541537514142774512e+00	1.297025636562549380e+02
2.547823008847572179e+00	1.291609175564638008e+02
2.554100666580690238e+00	1.285761130424997987e+02
2.560376788884177301e+00	1.281325988266834770e+02
2.566667521601497359e+00	1.278284609930772291e+02
2.572955062237090473e+00	1.274326952183585888e+02
2.579233771797999175e+00	1.270395659217081601e+02
2.585520164300948220e+00	1.268674436226836804e+02
2.591805130332431872e+00	1.264209320662044149e+02
2.598084074692260881e+00	1.258228229098725848e+02
2.604360404197643586e+00	1.252891483656708829e+02
2.610647185140439142e+00	1.252101010445684324e+02
2.616931864059273138e+00	1.246370792158516849e+02
2.623206107911065565e+00	1.247765506659028603e+02
2.629491626543270844e+00	1.239768572197255452e+02
2.635778507982642349e+00	1.236375870002251247e+02
2.642061039325260818e+00	1.233369436205431811e+02
2.648343840729305843e+00	1.231228601638558047e+02
2.654631838974855551e+00	1.225529723852698680e+02
2.660919001246303761e+00	1.221841755032932895e+02
2.667198525130066056e+00	1.223769872628942750e+02
2.673484307038032526e+00	1.217678800529404555e+02
2.679773388053849459e+00	1.211333601159732467e+02
2.686058217632288692e+00	1.209742633693839053e+02
2.692338738200057868e+00	1.206966597835912012e+02
2.698618022887226964e+00	1.203067527967601791e+02
2.704895450708277860e+00	1.201273376407678626e+02
2.711175674923682166e+00	1.197517565360230520e+02
2.717459832966957922e+00	1.195308530253943218e+02
2.723745731959044569e+00	1.193319315239282759e+02
2.730038414850594730e+00	1.189063295651869652e+02
2.736317989800789441e+00	1.187116705564119741e+02
2.742591858549239703e+00	1.183825639818645641e+02
2.748879749010778362e+00	1.181547611890795508e+02
2.755163403825859447e+00	1.178763053790062685e+02
2.761446955625852073e+00	1.174911626114169820e+02
2.767732088935374701e+00	1.173916551102095980e+02
2.774015452421743966e+00	1.169284332431720230e+02
2.780298635700591436e+00	1.167525668967359564e+02
2.786577474762241380e+00	1.164462272696050320e+02
2.792857983210164541e+00	1.162139508708242630e+02
2.799143790920211483e+00	1.160499207965441570e+02
2.805430058399325244e+00	1.157678115887015622e+02
2.811715058209780072e+00	1.154211087017268937e+02
2.817989272498773623e+00	1.151635224791601502e+02
2.824269171595737760e+00	1.149745031016648369e+02
2.830563016441804081e+00	1.147724719274244194e+02
2.836848750951622034e+00	1.146407689263290450e+02
2.843130027866129783e+00	1.141689008750237093e+02
2.849413896912404986e+00	1.140156960495165492e+02
2.855697464522425566e+00	1.137694800553908294e+02
2.861978799810683594e+00	1.135672725627493662e+02
2.868262469415629567e+00	1.135854102923118774e+02
2.874547359206753860e+00	1.130420967136848134e+02
2.880831111471525041e+00	1.130374256707349616e+02
2.887113216972382546e+00	1.128215758732058589e+02
2.893394504725182781e+00	1.126452531788272324e+02
2.899673662137033592e+00	1.124292395786937959e+02
2.905953958587380814e+00	1.123004813510867450e+02
2.912241118105161064e+00	1.121092014687262832e+02
2.918525996366671205e+00	1.118931481574833384e+02
2.924809035425688819e+00	1.119841392668132443e+02
2.931095916293684933e+00	1.116478238888448971e+02
2.937378182606774413e+00	1.114167364284311930e+02
2.943659980254369923e+00	1.112899303092023757e+02
2.949946454403890250e+00	1.111310110257498565e+02
2.956227653702202307e+00	1.111256513486772803e+02
2.962510478867462993e+00	1.109788289245000641e+02
2.968796535179442309e+00	1.107513072832702079e+02
2.975077657376874907e+00	1.107627768339379912e+02
2.981359866759223376e+00	1.105506231253365144e+02
2.987646761575656562e+00	1.106631089871841311e+02
2.993929038370399365e+00	1.103436210457861364e+02
3.000206214840962726e+00	1.100956904524426534e+02
3.006486172402415669e+00	1.102088646245041161e+02
3.012769812211594456e+00	1.100149009802668587e+02
3.019053144326170113e+00	1.096605296048528828e+02
3.025337405144251424e+00	1.099485705167737422e+02
3.031623734799107961e+00	1.097532407863804877e+02
3.037908962055872575e+00	1.096491809228981253e+02
3.044195067146031608e+00	1.096992919538245133e+02
3.050475543482170426e+00	1.095777798041688698e+02
3.056754954538277502e+00	1.094195226851426384e+02
3.063040539557494668e+00	1.094807623085289947e+02
3.069323699454357346e+00	1.092135375000657120e+02
3.075610692642898769e+00	1.094335068762698739e+02
3.081893798009918584e+00	1.093498015447854641e+02
3.088174549548037717e+00	1.093513021350554908e+02
3.094458635632868493e+00	1.095604219001355517e+02
3.100743982931558840e+00	1.094242714293432215e+02
3.107028111748448396e+00	1.092909295957517912e+02
3.113309299655494300e+00	1.092931745499835330e+02
3.119590662867241626e+00	1.093539154761861028e+02
3.125874006820172912e+00	1.092433104837709408e+02
3.132159251154602586e+00	1.092860731791334672e+02
3.138439172765940643e+00	1.093914492762393422e+02
3.144723867719826593e+00	1.093998701105223006e+02
3.151003951258561031e+00	1.094782305440193966e+02
3.157283664131563139e+00	1.094906087651623210e+02
3.163569317183839935e+00	1.097236504962173456e+02
3.169851661717792091e+00	1.096881610085721235e+02
3.176137704316093657e+00	1.098261274428490566e+02
3.182420924828643916e+00	1.098008101080231143e+02
3.188702811875577581e+00	1.098159301150657683e+02
3.194990520008989865e+00	1.099952395949345458e+02
3.201275324656983834e+00	1.099821430726185412e+02
3.207551352179861759e+00	1.101622447808557581e+02
3.213835216737041645e+00	1.101994481857286559e+02
3.220122579819103770e+00	1.101045353797630781e+02
3.226406606618656525e+00	1.099785364558030665e+02
3.232687390085645429e+00	1.097137900071204513e+02
3.238969121280456331e+00	1.095011648790842003e+02
3.245254751548589667e+00	1.091564283170986016e+02
3.251534499036136783e+00	1.089362061780825286e+02
3.257817780791052442e+00	1.087670307864847956e+02
3.264102164154097263e+00	1.086414219716908462e+02
3.270384152138468892e+00	1.082722845066553674e+02
3.276669427476867735e+00	1.081648863986697933e+02
3.282954688864507808e+00	1.079392378879030900e+02
3.289237200334947264e+00	1.076445974762048792e+02
3.295519587088236779e+00	1.075400742377280352e+02
3.301805977329951958e+00	1.072548290234838646e+02
3.308087486222440088e+00	1.070677097062181531e+02
3.314367630234227313e+00	1.068492394232166589e+02
3.320651909732194262e+00	1.066082977954793023e+02
3.326931260376857047e+00	1.063638265499550499e+02
3.333216512447217728e+00	1.062059006419528231e+02
3.339504489419978128e+00	1.060461338784849090e+02
3.345786804809928405e+00	1.058138496295704272e+02
3.352071130016277767e+00	1.055772348334557051e+02
3.358351496304225581e+00	1.054569639169744448e+02
3.364630591073392019e+00	1.051686347501883319e+02
3.370916305215045483e+00	1.049520315664448873e+02
3.377197952029413752e+00	1.047910005337714949e+02
3.383483063818085501e+00	1.045177928176989752e+02
3.389769992424469969e+00	1.042216425217176550e+02
3.396051330885982100e+00	1.042543068693557444e+02
3.402330879139463971e+00	1.041112000488458307e+02
3.408610488352048495e+00	1.037164807604932264e+02
3.414897837696641236e+00	1.037013210355342068e+02
3.421180484052105619e+00	1.034136931546601090e+02
3.427461639653846870e+00	1.031962258153135537e+02
3.433749159643459059e+00	1.031073758310809438e+02
3.440032646656798310e+00	1.029176408316346567e+02
3.446313366033385339e+00	1.028015374673220776e+02
3.452600135384134905e+00	1.027169898986599748e+02
3.458883152815406703e+00	1.024695566216426954e+02
3.465163834403715448e+00	1.021675064021200257e+02
3.471449329786229221e+00	1.020292173203839070e+02
3.477734476754053894e+00	1.020236177035317553e+02
3.484019652467224226e+00	1.016252582051433677e+02
3.490297019369712928e+00	1.016181988697095164e+02
3.496582486484379970e+00	1.013926287552218071e+02
3.502868048046865024e+00	1.012193101476517541e+02
3.509144649545451244e+00	1.011603434049499981e+02
3.515428082003116295e+00	1.009314232827232303e+02
3.521711031624695565e+00	1.007627521932949577e+02
3.527991850954735664e+00	1.006826839454629976e+02
3.534275545726699885e+00	1.004544319076091199e+02
3.540562632020772149e+00	1.003745892021571819e+02
3.546844410757220789e+00	1.003199118824778111e+02
3.553131386753758836e+00	1.002592420970291016e+02
3.559419203211965144e+00	9.995636256431033928e+01
3.565697971577579839e+00	9.969510828799613478e+01
3.571979559134798254e+00	9.974293347012854838e+01
3.578265774595833726e+00	9.968645810949459474e+01
3.584548309769353125e+00	9.954842466548480218e+01
3.590826843920031486e+00	9.925344916880987967e+01
3.597107306745233934e+00	9.921661199812189125e+01
3.603392831792229245e+00	9.922452587329546247e+01
3.609673209822572559e+00	9.886597633119710338e+01
3.615955412133016189e+00	9.900568909575645193e+01
3.622241607772384686e+00	9.876627354330688036e+01
3.628520252736676444e+00	9.869419261820897304e+01
3.634804827569451113e+00	9.862137377391634629e+01
3.641094981788862928e+00	9.839051790900812478e+01
3.647383514928639325e+00	9.841326230655521101e+01
3.653663283927725658e+00	9.815047267496888139e+01
3.659943504072155296e+00	9.820846749682195309e+01
3.666232000281138603e+00	9.809731415238078966e+01
3.672514211678317597e+00	9.809156773312020050e+01
3.678794154686042539e+00	9.789708674746164263e+01
3.685078621861909820e+00	9.786703446162324838e+01
3.691359210097977961e+00	9.778743468928792026e+01
3.697642368173791105e+00	9.746148765087033894e+01
3.703925796735277665e+00	9.742615810863665615e+01
3.710208240364660348e+00	9.738356843466945634e+01
3.716494593122387169e+00	9.738413037197759081e+01
3.722775386659595398e+00	9.722579168546302242e+01
3.729058392883481510e+00	9.718476098184943623e+01
3.735339748210807720e+00	9.712369582697965598e+01
3.741620776392969638e+00	9.699114394399586558e+01
3.747904795418762980e+00	9.701732001941859096e+01
3.754190633281219380e+00	9.681912336382667661e+01
3.760478208018912749e+00	9.681539581330866895e+01
3.766755538573464346e+00	9.683385162387169487e+01
3.773032090135151506e+00	9.665454031976233296e+01
3.779322553012896879e+00	9.679372542427478265e+01
3.785609109731308930e+00	9.681928934587972435e+01
3.791889825936295200e+00	9.672514141990508563e+01
3.798174822702435893e+00	9.661184484560949670e+01
3.804458658753491651e+00	9.649807086554964997e+01
3.810738438095723435e+00	9.641508382462980364e+01
3.817018850285747167e+00	9.642943238616038570e+01
3.823305314209427763e+00	9.626971070463045521e+01
3.829591295197792178e+00	9.641730252163760895e+01
3.835872296070849341e+00	9.632514223949895893e+01
3.842156279590906109e+00	9.655799883351359369e+01
3.848441511099312429e+00	9.636371212850021095e+01
3.854723334376886079e+00	9.640335546203223771e+01
3.861004740704794713e+00	9.614780401048014369e+01
3.867284336650660848e+00	9.618065246366683141e+01
3.873567367678779849e+00	9.633516786684005240e+01
3.879850662830422792e+00	9.628878729273191084e+01
3.886137063198143338e+00	9.626127122731689667e+01
3.892419463049126005e+00	9.624313053505744620e+01
3.898703740328622658e+00	9.618371115585993891e+01
3.904991458788179326e+00	9.633499191963427677e+01
3.911270842222104083e+00	9.635649582129359203e+01
3.917549806479573071e+00	9.616651366660622102e+01
3.923836006203090587e+00	9.624867898303548941e+01
3.930121452497870926e+00	9.633842823645362330e+01
3.936398172858230460e+00	9.635261322613496304e+01
3.942683040425962293e+00	9.634520972100506242e+01
3.948974759704379611e+00	9.628577693938724735e+01
3.955259227995065352e+00	9.629083164013336216e+01
3.961537174921395454e+00	9.632848679427966943e+01
3.967820217617139544e+00	9.646416461264557540e+01
3.974105559832568968e+00	9.655211827091379462e+01
3.980384727931198352e+00	9.668329211352241259e+01
3.986664590839849698e+00	9.660352282149715109e+01
3.992949619150675034e+00	9.655665057065218093e+01
3.999235075769965952e+00	9.662586727592264424e+01
4.005515715515433506e+00	9.665715382755621476e+01
4.011798434346478537e+00	9.687711465058973204e+01
4.018083716245132386e+00	9.692808132081621864e+01
4.024365700052603856e+00	9.684370265509492981e+01
4.030643960839860540e+00	9.698926683226098078e+01
4.036928708926215137e+00	9.707404873038260007e+01
4.043218157412017177e+00	9.704310713343157602e+01
4.049503019487663558e+00	9.725315002789996299e+01
4.055781898960511000e+00	9.716126659420216072e+01
4.062060795621602161e+00	9.725217773893692197e+01
4.068347865354716042e+00	9.749419545621076111e+01
4.074631027173265529e+00	9.767700824664125037e+01
4.080910837526078971e+00	9.753578766577390979e+01
4.087201203341442657e+00	9.782800168351040782e+01
4.093486818591942189e+00	9.783873858240218624e+01
4.099764387336505500e+00	9.801036079222102160e+01
4.106049166937662420e+00	9.809639140457237261e+01
4.112334559041358695e+00	9.822384041932431842e+01
4.118618926059533614e+00	9.827508943957846554e+01
4.124898942031112625e+00	9.834455353130580590e+01
4.131175432561665417e+00	9.849403251984283258e+01
4.137461563786142271e+00	9.879896830158708099e+01
4.143746006210170307e+00	9.883209171128255832e+01
4.150029800482964326e+00	9.883531972104479735e+01
4.156313390684649001e+00	9.906593823093876949e+01
4.162596105843763716e+00	9.924826884635618285e+01
4.168881843141768684e+00	9.936892730846217603e+01
4.175162111073220217e+00	9.947055381713487066e+01
4.181448573417560155e+00	9.978228013612799430e+01
4.187738782464171194e+00	9.979981488648641630e+01
4.194017437180169061e+00	1.000833503500543031e+02
4.200293572701767175e+00	9.986255800166237862e+01
4.206580195481546269e+00	1.001993719100797477e+02
4.212860644652220543e+00	1.004839842905846723e+02
4.219138153430114002e+00	1.008782433087066295e+02
4.225426162098283811e+00	1.007130220644897491e+02
4.231713506719782636e+00	1.009876046134506140e+02
4.237990056577191744e+00	1.011754884107211154e+02
4.244267783646744618e+00	1.013593452818635683e+02
4.250560660182562955e+00	1.017203229592989260e+02
4.256847734842668096e+00	1.017848833498023282e+02
4.263127100734456221e+00	1.020236191364458591e+02
4.269406860432507500e+00	1.019543549232311932e+02
4.275691671482192646e+00	1.022502329532880054e+02
4.281972414189518794e+00	1.025312762005761869e+02
4.288253516806755705e+00	1.025884143264944441e+02
4.294540520160492925e+00	1.029575126421073321e+02
4.300825742921731809e+00	1.033412075530560656e+02
4.307109835491901961e+00	1.032897937619631676e+02
4.313390926478413157e+00	1.037100449700868410e+02
4.319667979480563247e+00	1.035833315196237550e+02
4.325952598143786076e+00	1.040586885447066550e+02
4.332241647035422361e+00	1.041965770208054494e+02
4.338524445619096781e+00	1.047344318785264790e+02
4.344809348131129845e+00	1.047433569470325239e+02
4.351090699193166600e+00	1.049246105448913085e+02
4.357369710808320029e+00	1.052441259357778875e+02
4.363659348967174445e+00	1.052558507339583969e+02
4.369947418280990981e+00	1.057179339044031394e+02
4.376226569265827315e+00	1.058553612691851384e+02
4.382499356631129217e+00	1.060013621952726055e+02
4.388784975178015024e+00	1.062543609464362788e+02
4.395068696309480494e+00	1.063748794948545680e+02
4.401347962382031298e+00	1.067892270107051047e+02
4.407628405096517099e+00	1.066200939380170212e+02
4.413915862185140426e+00	1.068675744529791984e+02
4.420203163534264235e+00	1.074059251567408637e+02
4.426480311003382795e+00	1.073960514058130542e+02
4.432765973643649104e+00	1.080658370407936388e+02
4.439053392023870614e+00	1.078227496252511912e+02
4.445336141335588742e+00	1.081065377963819998e+02
4.451617241414883352e+00	1.081061028925148264e+02
4.457901500730311106e+00	1.080778014886278129e+02
4.464189501093017043e+00	1.082998633536316646e+02
4.470470197548729985e+00	1.084066958551571389e+02
4.476748044268524573e+00	1.088166370834763370e+02
4.483035990164653484e+00	1.084230137793492048e+02
4.489323331650528104e+00	1.087039711105894497e+02
4.495599111667934800e+00	1.086668391813927883e+02
4.501870922878794090e+00	1.085654066089683312e+02
4.508155162877705457e+00	1.087741054231070024e+02
4.514446451153479423e+00	1.083819209995422739e+02
4.520723894043856994e+00	1.084482226909963316e+02
4.527003782460155890e+00	1.080681104949605924e+02
4.533293086610313161e+00	1.082388152505313172e+02
4.539578989864040182e+00	1.080223059037916755e+02
4.545857164866476730e+00	1.077819692716183795e+02
4.552138955546025656e+00	1.077340940479311939e+02
4.558432046889146605e+00	1.071758435894461314e+02
4.564713463378488711e+00	1.074302843767481193e+02
4.570987274133244682e+00	1.070404465839691284e+02
4.577274818151045643e+00	1.070209733055168613e+02
4.583563263889338657e+00	1.069648336237397785e+02
4.589844917004465508e+00	1.071180140042933857e+02
4.596126259982004747e+00	1.069724005894974965e+02
4.602409075598298926e+00	1.068817314920012649e+02
4.608696634867644804e+00	1.070974093874961994e+02
4.614977646498861219e+00	1.074818117791490835e+02
4.621258953029527383e+00	1.071881404157108761e+02
4.627547993978874175e+00	1.070205651804742928e+02
4.633830152730579854e+00	1.071898917427859317e+02
4.640104005367354567e+00	1.070995446788650014e+02
4.646382060386754276e+00	1.075925906919763264e+02
4.652674213731970987e+00	1.075098543080153064e+02
4.658958291796220230e+00	1.075665977490044583e+02
4.665233615070169648e+00	1.079795238534428705e+02
4.671520675710307380e+00	1.076224122032256361e+02
4.677814351732177300e+00	1.081167183167345911e+02
4.684093699744638073e+00	1.077417501960453308e+02
4.690368661472568590e+00	1.081224061787262087e+02
4.696663270746453733e+00	1.079751823860230076e+02
4.702945459248681459e+00	1.082138354301366405e+02
4.709209170841929470e+00	1.083772198232533412e+02
4.715491634753063543e+00	1.085635330315131313e+02
4.721784316284933780e+00	1.087155483852999680e+02
4.728063062331094635e+00	1.092008232730514123e+02
4.734337423381671073e+00	1.092053943940327656e+02
4.740627024094544062e+00	1.090101890145631103e+02
4.746914995664547554e+00	1.094843064003277391e+02
4.753194740071086777e+00	1.096599623718583274e+02
4.759478891864783456e+00	1.100438781844614056e+02
4.765762396877359031e+00	1.102312750055802582e+02
4.772049481246195768e+00	1.101389525444593716e+02
4.778335091022592351e+00	1.104284591336603540e+02
4.784610831402393849e+00	1.105824748691246668e+02
4.790907306208476157e+00	1.110513011134313075e+02
4.797204047706418173e+00	1.111382273782343049e+02
4.803470827697504220e+00	1.111930552854765750e+02
4.809748850577324042e+00	1.119547000819828355e+02
4.816045316586602176e+00	1.115406898951991650e+02
4.822329240673497885e+00	1.125695168714330947e+02
4.828596758226470165e+00	1.126184614579082108e+02
4.834890332961369275e+00	1.127138056038968301e+02
4.841191655056394261e+00	1.132020808849378426e+02
4.847460407468000554e+00	1.134453636092035538e+02
4.853732128521334843e+00	1.134789440985433941e+02
4.860029138783373170e+00	1.141109793536272576e+02
4.866314601732018019e+00	1.144676121074545136e+02
4.872587026269203925e+00	1.147405896464693740e+02
4.878874221748241702e+00	1.155187275469527179e+02
4.885171078138658807e+00	1.149521809255755755e+02
4.891450629931857641e+00	1.164081240847819316e+02
4.897716482750221978e+00	1.161347550243024784e+02
4.904002834596266069e+00	1.165156626232210471e+02
4.910295858205786068e+00	1.167223633781644736e+02
4.916575188115905881e+00	1.178259407728934889e+02
4.922847946197084212e+00	1.181394673410075313e+02
4.929131667457151700e+00	1.179478631672835007e+02
4.935434460144239033e+00	1.190869709545669508e+02
4.941718513303545279e+00	1.198012441513218107e+02
4.947978624761803168e+00	1.195883685588736398e+02
4.954274999209829389e+00	1.203186669074362527e+02
4.960571094729937514e+00	1.209041947746816703e+02
4.966823207626954506e+00	1.213205506530450037e+02
4.973097418390337587e+00	1.213172275830383171e+02
4.979415129936382023e+00	1.215718738175864502e+02
4.985702082330368157e+00	1.220403287156729846e+02
4.991949985828016523e+00	1.227653060192506445e+02
4.998241586316924057e+00	1.236295277699717730e+02
5.004556635606089543e+00	1.246199578366343701e+02
5.010828655701208945e+00	1.256910968525536276e+02
5.017077229702536556e+00	1.261684456375546262e+02
5.023374414758113637e+00	1.257817210472257159e+02
5.029688873569548413e+00	1.268522821587838934e+02
5.035958413584124216e+00	1.271871137823282254e+02
5.042232667658486989e+00	1.274947811611963147e+02
5.048528755870775875e+00	1.285654416030312177e+02
5.054821121427484520e+00	1.295598556597989841e+02
5.061069509814582368e+00	1.301071411376971980e+02
5.067347812754101177e+00	1.302512525124332683e+02
5.073675050630431116e+00	1.311548761320274537e+02
5.079945928388977627e+00	1.324128926948003198e+02
5.086192992546071601e+00	1.330142786320496953e+02
5.092484128970163226e+00	1.325173992078132699e+02
5.098802924706086870e+00	1.337836552737164766e+02
5.105078217426394005e+00	1.346684263941783968e+02
5.111325076574067872e+00	1.353368655670387568e+02
5.117628358851224135e+00	1.369814574443178401e+02
5.123935939383525984e+00	1.376001177550268437e+02
5.130199176325612065e+00	1.383491015607361021e+02
5.136469985878846956e+00	1.394533549560886740e+02
5.142797788696348071e+00	1.394903395701684872e+02
5.149090378043822192e+00	1.412386039698200193e+02
5.155289879840074363e+00	1.423277806914371695e+02
5.161564521234301317e+00	1.433302524744659081e+02
5.167916673496016244e+00	1.436525588615427012e+02
5.174205974602950064e+00	1.438532819154740707e+02
5.180434820793812456e+00	1.444994461602355500e+02
5.186729096569634656e+00	1.455989042265627518e+02
5.193058481037780894e+00	1.467708046986429622e+02
5.199319511444338460e+00	1.487587760644555885e+02
5.205574295584361799e+00	1.499069232719012348e+02
5.211894977074066126e+00	1.507377799780152259e+02
5.218201708336958511e+00	1.518795518632301764e+02
5.224411911780083351e+00	1.550969757956106037e+02
5.230677632666463239e+00	1.537409271587477804e+02
5.237056729559757429e+00	1.554920988564403501e+02
5.243336785035660697e+00	1.562212074557504025e+02
5.249493476178225038e+00	1.596635494595392970e+02
5.255787017738318134e+00	1.600468339362345205e+02
5.262205327426889845e+00	1.628560853916137035e+02
5.268477758348532269e+00	1.629570108146855034e+02
5.274632213654732560e+00	1.606675725523935796e+02
5.280950543314659740e+00	1.655891402965985719e+02
5.287327645024750389e+00	1.655921114743243265e+02
5.293582359180156516e+00	1.679031592011955070e+02
5.299789992649893478e+00	1.681779147083684620e+02
5.306111460381987222e+00	1.715998874531188960e+02
5.312452717892129250e+00	1.749560218867098342e+02
5.318650122853046724e+00	1.708350189470170903e+02
5.324923043129819789e+00	1.759915831950292500e+02
5.331330237158205421e+00	1.752242855200680367e+02
5.337586726886338617e+00	1.774715332809691404e+02
5.343685192440848830e+00	1.781944607492964963e+02
5.350070659715249199e+00	1.810042060672218440e+02
5.356556762554878226e+00	1.836573619739167214e+02
5.362691868684501095e+00	1.832166689842011635e+02
5.368769208912516966e+00	1.886548129292014835e+02
5.375270137997677722e+00	1.904390901510825245e+02
5.381769983045385786e+00	1.925335388300288741e+02
5.387701030372958222e+00	1.928140045164838341e+02
5.393786668001271600e+00	1.956412823658135380e+02
5.400446161099396569e+00	1.948685885071805330e+02
5.406957063684501463e+00	1.974109316042218154e+02
5.412655672453426270e+00	2.048409878770368096e+02
5.418821279260546575e+00	2.050811360892950574e+02
5.425690594366304076e+00	2.038147754868091397e+02
5.432217487502165376e+00	2.034836163395474671e+02
5.437649811577258241e+00	2.108454220913292829e+02
5.443914404015878006e+00	2.102670504689006066e+02
5.450953501686320202e+00	2.098450723510252089e+02
5.457483690405861232e+00	2.214873861292945492e+02
5.462715250135157241e+00	2.143518816578774135e+02
5.469033575551323523e+00	2.240902295074125732e+02
5.476177730420278778e+00	2.294819934617554509e+02
5.482708935702562236e+00	2.179109419866811947e+02
5.487722405008360838e+00	2.288821478797813143e+02
5.494194284996126498e+00	2.341391122640435185e+02
5.501391471009256406e+00	2.427416915080441129e+02
5.507128202673079009e+00	2.291676522752557048e+02
5.512278020050448646e+00	2.400841817280081898e+02
5.519395563377015534e+00	2.420758735908437131e+02
5.526598678609708770e+00	2.513496823701597975e+02
5.532162682462509196e+00	2.485955017066314383e+02
5.537397124017139127e+00	3.015732347711664829e+02
5.544582756485218589e+00	2.698373094455797627e+02
5.551739327507637434e+00	2.756561954554508134e+02
5.557493306674907707e+00	1.730789366152799289e+02
5.562281709102816940e+00	2.378094730501251490e+02
5.569272720323164449e+00	6.774686664321324088e+02
